10000
4790
18967
11675
4931
18267
8221
5268
17965
8648
12913
5751
2534
15590
8582
10124
19493
3535
10003
12605
1808
12542
16213
2349
11200
4582
9705
12544
15843
19223
6012
16229
3142
6242
17527
11931
5761
9611
1112
13106
11382
17148
2904
9353
7059
3276
15705
4524
17597
18464
4412
17089
14002
18275
13216
11497
12887
17369
4583
15785
586
19384
14572
10306
16777
12313
1575
5213
1590
10794
16345
201
7436
11693
9978
19020
2220
7417
3529
13408
4134
12575
8004
16334
9875
3946
6718
12823
7940
11121
13342
8147
6537
5799
18446
7790
11693
1345
14930
1339
5318
11103
8466
3355
15240
3846
12927
8254
19658
17840
2725
3380
6984
11168
4130
14701
18711
15316
15793
12912
17730
1405
15118
4289
7416
4079
11535
10197
17864
16712
10381
1970
14784
13425
11767
3727
13876
8354
7701
4690
18906
10651
17676
14722
5231
14936
18050
12036
2202
1173
13764
10414
7626
5452
12274
14772
15428
3663
9085
18551
13626
3793
1822
4148
13953
9346
15540
18494
6708
16365
5795
9885
14825
19586
7988
9302
9727
9436
1571
19709
8134
921
15954
196
13817
7883
1277
18341
1203
1667
1686
13794
18738
11945
1374
8828
19110
19240
4329
17508
700
13654
17619
4099
10051
12351
14989
3488
8660
19566
2664
1646
9085
17185
12446
2510
15123
11433
8577
19218
18742
11727
14282
2196
12458
1471
1521
14416
10046
17378
3191
4959
10735
3846
882
16081
12434
11978
13238
6056
18119
9031
104
364
6112
13401
5831
17150
9816
12672
11487
9378
15354
17854
10170
5766
16600
15600
2230
15302
6259
2017
7941
6034
8927
16637
13969
17856
17479
3165
7022
1098
17663
4823
3088
8011
17446
16421
13963
2610
17433
2727
4060
15840
6600
13275
5
17661
3607
17453
3091
5396
8134
10500
411
18576
18939
1015
14323
4510
15786
3629
11866
15939
10885
6688
15874
2395
12180
4108
17715
248
5594
13006
7970
12952
16232
4283
15807
2595
9614
12020
435
6664
3143
19358
8705
9747
15303
3489
1818
18971
5497
454
1035
14038
10978
1603
7404
8021
8962
17931
13734
3446
1818
5920
8388
19673
1137
19086
9961
2254
12516
13131
9470
2661
17035
9399
12448
17686
7729
11304
7143
1802
9730
11433
17036
12906
11306
3242
5934
2130
19686
565
12189
11764
10338
10606
14866
1860
1279
1653
19224
5700
15034
15427
11409
17069
10023
15815
13043
18170
10429
669
5181
5977
19025
11423
8124
7011
963
16459
18663
5728
18184
18490
19531
10109
13922
3650
7211
19555
14636
10563
13725
4785
12780
11337
5596
17231
17979
3272
8928
16274
16429
9976
13382
16674
18787
3685
9806
15693
5345
6750
16364
19626
13917
9586
6244
12890
685
14809
6364
19267
17144
2849
10974
14562
7325
13046
6637
2683
18627
6015
15823
3029
16885
18028
15150
16056
1722
16239
11344
16067
11717
14732
3008
5473
10667
15733
19599
13178
15904
17732
10284
11258
7642
2852
14860
18690
4267
19471
6529
18695
2728
12957
11987
17086
5405
7254
8217
13055
5281
3206
7258
942
19775
15615
10398
11791
10226
406
1411
16868
18842
5688
14820
11828
17806
16062
19662
19851
16293
8232
1786
14802
10280
17784
8476
11375
7355
11939
18021
18161
14104
11160
13833
1722
17214
3672
17797
5012
1092
11274
10786
1838
4554
12282
19596
10604
7097
7972
19047
15154
11248
12625
5575
8340
11703
14049
4390
4764
14189
11441
16090
3206
7456
10473
10620
16326
296
1715
16553
5510
12155
7799
11882
2110
10715
17181
18886
2818
2698
7920
75
16550
5204
3594
4836
12981
14031
15272
7132
18718
2751
8418
3414
6148
11676
11661
6941
2089
19417
15565
19732
8640
11393
13833
6661
17010
9424
16839
17495
6598
4460
17940
2205
16239
520
16706
2417
12270
12107
35
17658
18962
19604
12047
18831
855
17609
6737
13392
13677
9669
13526
16747
10771
9560
15212
12638
5327
4032
214
11636
5251
14836
6608
1297
17080
8914
4121
4202
18158
4770
2080
736
2140
10339
6251
12401
11893
3056
15554
18349
5997
6411
10857
12982
318
8881
2360
5644
4475
10951
9497
14810
14550
13831
7891
18619
8004
19527
11564
11235
14537
16052
5410
194
7477
13892
2917
3786
14311
208
17154
9470
2106
5833
19246
14428
13786
16739
17881
7572
14652
6471
5827
8685
15013
18938
4995
14846
4422
11991
303
16858
5778
1363
4382
19179
13433
1863
121
5630
18424
8095
6117
200
6121
10525
1280
17307
16794
4370
9162
19133
7999
18580
23
18977
9198
10081
19210
9067
13636
14493
14116
8832
10264
18685
8809
5407
19370
2831
5351
11937
19598
10021
13907
1273
1131
39
9921
2701
10121
10552
5964
17612
2763
3777
8298
16323
3979
19555
3759
2788
5248
6843
11264
16468
18922
4767
14052
1419
12211
11671
3728
11451
13039
16009
15220
17219
12105
6458
12976
16185
732
10300
3026
19621
2456
8893
12987
2167
17837
6970
2649
8938
6572
8540
1468
2759
18767
16310
16126
19835
18096
3870
11231
6032
13574
10241
19332
7865
13803
14964
2570
12449
17818
8551
7658
8851
13
17899
8268
19633
13142
19192
14513
5871
3041
11839
7878
1503
1427
16164
11788
3608
19047
14842
12918
14040
437
3499
6446
14841
3685
9402
9622
4934
13833
18863
12344
8828
6955
3731
10885
9407
13440
15280
1460
16367
3622
19816
14046
19440
16685
4514
3644
11276
14623
4248
6148
18708
7058
10609
9041
13083
19826
2847
3311
458
10522
7101
12333
668
7549
5103
15868
10616
5738
16434
2926
11642
11223
9437
15900
3372
11012
15079
10238
7218
8588
5307
8806
1525
15842
12878
18218
7336
3819
13170
15555
18843
9964
130
8240
5826
17966
8322
17262
6706
7787
932
14515
349
18100
19621
18716
12298
11102
16294
1157
16906
561
19118
12524
614
17957
5540
15050
13660
8690
3605
10483
17547
10603
19507
13647
13855
10443
14106
13842
16322
371
4073
11853
2580
6276
4309
19090
14543
12406
17510
17125
7161
2686
13974
904
14110
18123
10194
6926
5932
11806
8317
18901
1289
8283
172
7694
15158
2443
9401
19841
9184
4587
3117
19432
8873
12943
10529
11911
9881
12671
180
15098
11408
1285
9677
12739
8540
4389
12248
8903
7352
12788
2965
17773
16685
2284
14139
12681
18741
10813
4196
671
6969
4136
7229
4459
4214
874
1464
2335
16671
10471
14051
18369
19923
3523
6857
10240
12201
2925
3359
10049
6943
16417
271
14691
11869
6358
19188
16665
14969
10948
13341
13645
9189
12603
12418
15702
17042
13837
4516
2755
3981
8743
18359
11659
15096
9063
1287
12255
13539
17805
8873
4795
1060
546
10584
17344
1125
4764
12557
1056
3317
949
3359
13701
4070
5747
1480
7340
13253
17000
4374
14777
8721
3325
8015
1218
11678
6731
3199
12491
4529
15791
270
9280
19890
9013
7450
7995
14519
13300
9631
13218
5129
10781
4271
4124
4431
18780
8937
7809
15201
2345
1082
16189
17768
16488
4802
19921
2040
16176
1602
2740
9052
16121
12602
2700
18958
9547
18176
2952
12523
5344
7636
4063
1364
16437
6404
12268
8560
8658
10982
13651
5707
19076
13100
12938
15096
15472
13563
17367
6423
14524
13596
1100
16278
5290
6937
13653
15630
16679
19396
17042
5646
2884
14329
10651
15357
19098
2210
10279
6099
1365
417
8362
17058
9031
5379
16097
13907
16022
3391
14975
8193
8047
18691
5197
19037
16838
17797
11493
10617
19654
17638
13080
19063
12554
1690
3786
570
9288
13086
818
8917
4194
6597
6235
5016
7088
2416
3843
13757
10922
13825
6086
14096
8817
18122
10408
17207
16135
5604
2669
14478
15339
14891
16347
2244
6671
4612
615
13347
16041
1184
7785
6992
3037
370
1214
7814
6582
6333
8427
2687
3531
6037
1052
19511
16367
19166
13084
6087
10167
14118
12079
19128
6137
19172
14058
3585
9271
4596
2226
10666
1057
6233
12038
9290
4669
4019
738
10171
9708
19934
8147
4351
6318
19028
17344
18704
4354
4457
18773
9778
2317
12879
9415
14335
2890
89
19836
10030
7141
18439
16243
12894
17863
7353
12120
9642
4030
6201
4590
12284
2937
14774
4321
10146
4398
10814
14642
83
12215
6304
15442
19561
12156
4649
513
9230
12798
9413
3187
11708
5854
11925
4427
11542
15974
9872
9978
17624
16516
1894
8743
3842
17422
4228
3259
16339
4063
4621
14937
6449
1831
6007
11700
17278
223
17855
3697
18808
12321
6639
3969
11557
10809
18519
15273
2017
10051
17141
1688
14436
15258
17332
14211
3024
14409
1555
3236
6196
6324
76
7624
254
19186
18173
20
3708
17815
4026
11129
15433
5096
9555
11867
19956
13261
3059
1604
1376
14063
7351
13176
13782
13411
19952
893
503
15652
2962
6466
17113
5440
9398
19607
13850
1026
33
4962
11947
1766
239
15158
5341
4841
9807
10866
14351
1358
10441
3175
11083
449
15352
943
7747
11439
13329
6422
8454
18813
15678
16073
12744
12458
18588
10388
4749
6518
5759
16398
5788
14239
16556
19664
10145
3270
13469
8722
3883
16177
19320
14263
4759
4273
19466
17785
17675
9397
17125
10012
14554
17884
11013
18062
130
3744
13623
12172
15871
13916
5776
7729
3099
7505
8471
16409
13338
3000
6605
11435
19024
12757
794
16273
938
12389
13304
3517
10053
4220
12024
1309
988
8588
2425
8296
11825
14519
11646
14960
801
2214
11087
19114
4202
13734
14346
6382
11795
15466
5838
2723
6197
6138
2097
15328
819
17598
2585
694
17383
12008
9677
14235
8450
18793
8593
4466
13030
17398
17157
16650
14042
17810
2579
5688
5251
19775
17856
6149
12283
3822
13914
8493
7410
2392
15294
4873
11024
17811
6949
15339
4066
15307
7643
5835
5151
3922
1476
3064
13719
5921
3205
18130
6272
6166
5349
10787
16614
6944
15428
19199
12959
10862
273
6314
4884
14660
10967
13267
11346
206
6775
2658
17279
15398
9328
128
822
7364
19382
1355
5766
3089
17581
3382
4591
8468
8014
4172
6248
15809
8683
12292
9874
11921
6609
19891
10682
4187
16911
16386
7509
10390
14997
17769
2855
9581
8930
16955
5713
5881
5036
4351
5079
14899
14006
4575
17781
3284
7030
5247
8078
15973
1880
16809
8483
12792
17444
18536
1337
6358
1822
15217
8918
6560
13923
11419
6160
13460
1378
5821
14604
21
8644
16782
18724
8881
8325
12161
6559
13229
16008
11285
15382
862
4354
15094
141
12632
15686
1641
17482
1730
3991
18455
11413
18661
17046
10714
17973
8230
17272
4748
15805
9529
15962
72
17058
17633
19696
9981
18829
16619
29
10651
19162
7510
17958
11809
3612
11872
3202
8154
8478
12073
4993
10106
5024
12548
15866
4834
5366
12959
2830
4122
5161
13752
1359
14308
10854
7351
16785
15352
9936
4136
14964
1024
11526
1341
9507
10274
11572
5132
6382
11043
2043
1400
8382
2077
6727
19143
11702
15760
7579
1874
4822
15538
5053
17057
5886
5212
13433
11373
8955
4174
7922
486
11787
12618
14070
5957
8215
13823
2112
19125
6706
16780
18882
2002
3377
11782
18193
8601
12512
13996
16906
6648
520
5651
8407
19232
343
16119
7790
8707
2457
1020
3778
11060
5893
16407
11252
17923
8142
12143
15242
15570
16308
9805
12315
5487
13560
4731
8546
9464
14707
19292
4566
3685
12629
15021
7694
10904
13342
4944
18726
7568
1623
14241
6698
13593
11413
17346
8774
6551
15629
12628
14395
19103
18545
2001
12905
18814
10560
2136
2114
12826
9967
6364
11587
6401
9238
1962
8937
13946
4377
6157
9976
13914
15056
16055
4334
14825
531
12596
16959
18686
1745
16725
12932
10186
13564
7170
18090
5324
12752
13501
11186
1489
17062
15621
4683
2515
8757
11389
10710
6887
1888
17758
6336
4982
6823
7655
8049
12162
7803
14742
19132
8492
19725
1279
5646
3018
8867
500
6807
10783
8943
14226
13763
4125
18660
8885
17134
16331
9856
8667
8147
15321
6329
13244
794
7822
12644
9297
3173
334
19469
22
4997
12232
7414
4885
5262
8442
14875
3042
19127
14407
7065
8201
16315
14439
3154
10112
14664
16023
6413
18456
1944
7321
18233
18588
6658
2830
1086
15403
4251
3057
7774
1545
9017
8063
14705
19233
3946
1860
5500
11182
878
4908
7866
15405
1531
15323
11467
11118
6319
5921
7449
8561
12362
13844
11280
14206
14685
12288
19753
14658
15306
9693
10278
7514
13793
811
15983
5454
19806
16140
3707
11112
13278
1520
3604
4502
1077
8023
8879
2301
348
3796
2074
18781
18232
14147
10362
1933
15210
13894
6478
15108
15085
16908
14181
4450
18441
11762
7567
15474
8397
19528
12080
18303
7562
41
1734
10443
13345
6292
1836
8363
5081
3146
9424
14751
959
6192
14650
16995
5276
19302
5512
14253
7315
15336
5631
5416
11975
13445
10149
18353
19225
18555
8395
1979
4612
3863
13604
17056
6212
15558
19770
9030
14809
478
13608
6795
13526
2057
5660
4983
760
17653
8720
14153
15961
1235
4047
3237
11680
9419
16237
11639
17249
5951
6176
14588
19583
10
8143
4653
4792
17076
1913
4781
659
7597
3643
13773
14496
8351
320
3822
13505
4113
1769
1518
5474
13151
1431
8722
6497
19057
2594
17715
9389
13553
270
6278
11538
174
10552
2620
4189
17096
9118
7564
6477
8890
18401
11927
7017
11618
9038
10747
13448
13406
15321
12811
6049
13575
6686
13890
5398
7330
7685
5144
16024
10216
17410
4364
18069
6746
6001
7018
7251
1016
667
16523
9707
3610
16547
8727
2829
8749
18763
14274
15748
18352
1221
4342
3875
15604
14933
191
10766
19593
14112
15018
7501
4722
11782
17806
14934
3857
8312
3181
7324
12548
16099
18719
7266
13161
11482
1724
11263
2395
1058
11173
12914
13398
13694
7366
16396
14604
1827
11728
16774
1373
16060
12306
5639
13691
5590
6678
678
13406
13658
13312
16009
17874
2014
14854
6427
13386
11284
2393
13247
1374
5162
8442
11937
3158
15533
8184
12556
4865
2873
13480
12764
3148
11735
2201
10226
14491
14625
16644
6270
16103
19250
9083
15909
14810
3900
9989
697
11848
3648
4982
310
6081
16058
10278
16418
15945
9289
13238
18059
1266
17742
14526
11625
10139
807
11470
10533
3149
18829
18426
9723
17498
7028
9229
18392
6962
2943
9275
10692
10119
5831
361
18587
18902
17539
10048
13695
2305
13467
19208
5620
5931
19589
16264
3175
17089
6854
14796
1811
17259
17863
12283
15731
19019
12358
2149
6337
2889
17844
18668
10023
11064
19590
14867
17822
19619
275
7268
6972
18556
3713
8110
10223
19894
9368
5640
12534
8055
4797
6133
6794
3896
11672
17477
295
14008
17715
13504
1891
262
11638
10655
16168
11122
11123
14155
5369
5824
14879
9568
12451
15322
19007
7397
9368
19754
15149
13365
3509
1185
13347
15048
2211
12521
6053
6750
348
8752
11382
18811
19223
15025
3510
14976
6356
17600
16013
12042
5202
18326
9973
19668
1459
11065
12856
15051
8331
19339
16434
17137
6969
18509
12447
8071
10280
12895
3221
5797
8390
8523
11137
1043
2279
15553
5610
14347
18442
10948
9171
4359
1913
11565
15256
7354
7574
10623
9482
9687
10415
16364
13474
9871
14227
724
5707
15042
15218
17987
17374
17733
12114
8610
12945
13228
7534
1817
4868
5183
16790
12054
19770
7792
9720
9019
9567
6444
18761
8747
5017
5643
12206
4091
1585
12913
15416
6976
7852
461
4745
11888
15261
12575
19035
10357
4652
6043
11746
9538
9814
3319
3147
14520
11195
3738
6467
3616
13955
16767
14492
18631
13691
13087
3824
7992
10464
14268
2868
19647
17159
19830
16583
2715
1747
1705
6119
2194
4672
416
4711
19350
2392
14736
12527
1953
5978
7147
12634
3143
9745
11129
7883
5450
19028
3105
14178
7407
8507
11822
19497
14141
12903
1008
9966
527
10381
17350
14411
5677
5682
5121
7017
10963
14778
11279
14085
10251
15744
369
15333
655
1602
7293
12817
4899
10031
17806
1222
2202
12123
1561
12172
13667
17793
10553
2139
230
18962
17049
8666
6518
3314
19374
12796
2319
11195
11384
17000
14881
16148
12008
17319
9889
5599
4946
16078
6718
2380
5417
7207
4433
53
10800
10099
9025
5417
5072
9866
9492
10105
13131
1977
10625
9841
435
17481
13752
14729
5797
1353
3172
6822
761
10991
5671
2284
7674
14475
3240
4618
378
18935
15007
12684
16400
8203
3394
12683
7567
15930
1650
16806
7183
5403
5135
12876
16203
10555
17152
19149
8300
14003
11597
16309
4274
17392
9327
14745
9935
16974
2915
9348
8445
13011
5335
16366
7993
15500
2113
17260
8787
641
13622
13012
9526
2598
4447
19056
2813
13311
10122
5716
11432
9469
8058
12013
12982
10222
19093
11677
9032
11826
8851
9416
16785
6102
4000
12732
16203
8480
7466
17
13569
18334
8815
9184
3687
9442
1261
2738
7236
1603
15138
5009
7210
15809
19171
15133
8964
4833
5525
15450
2081
18695
2348
19113
9071
10187
8414
13007
5874
9487
18472
12470
12191
18881
5036
12864
15868
18668
2612
19692
14876
13597
3712
3734
12856
5496
2551
608
9784
12238
11911
15170
7991
5790
11435
358
5585
12810
1478
17332
14286
10096
15665
9217
16718
14188
7406
14244
9424
9491
10904
5786
2164
2531
5549
16544
1515
11301
4098
2059
17344
18113
19678
4755
14431
11990
4399
13893
8310
2338
13242
19077
14379
19491
10883
5386
2350
9702
6261
16729
4334
2236
9945
682
14162
14463
2710
2853
17980
7168
283
1727
11728
6802
18804
5991
9805
13976
8329
15474
11033
18212
7566
14154
2981
17846
2049
19069
13767
913
74
12505
1671
17971
15985
16528
7156
11030
8770
8655
19416
14094
5431
5419
10052
10319
3229
16604
226
18356
12643
17062
14440
6201
13780
15342
14023
14704
12962
18770
16482
14862
3355
3107
13077
3131
13746
11647
16254
17197
12976
13338
1079
11011
4007
2446
10309
2355
11263
3328
11484
18800
17629
13014
6213
18656
3342
11596
16767
12353
18075
15843
13183
16640
19565
4981
15236
19148
17464
9229
7987
14015
9416
1503
7042
10661
7901
10564
220
17279
10999
19967
16024
18162
7976
11277
6127
19766
11504
12363
19028
14207
12287
1935
5084
894
19030
56
9346
17084
16917
1023
17902
16372
11167
19778
5916
476
18715
5920
11080
14142
10718
10462
4915
15615
11312
9575
16153
15809
3963
16907
15393
18188
5723
11424
18272
8333
1844
11304
5591
17254
8465
16029
13164
15751
9464
18635
11573
8457
15046
17987
16605
5685
14306
16961
4824
18777
1738
16606
15548
10406
8531
8615
449
15097
3522
8866
15053
7227
5783
3314
12614
13859
11085
14186
150
7978
17859
19208
8867
14055
4770
9510
16779
12336
1659
12882
19989
837
8364
18226
959
4778
11788
14319
7002
12001
10622
1430
10305
19916
19217
7851
11991
4612
7403
5069
17048
5979
1377
5108
4362
4046
2331
1448
6706
1220
14096
982
19191
2691
8843
8648
11517
2998
746
8612
9300
607
1542
16347
12817
14311
19016
14427
17702
5372
9732
11575
11458
17536
10681
19239
2048
13412
11024
2909
10452
10161
4767
16420
7727
65
7905
6628
18936
2244
9506
3165
11258
10643
15173
3343
11644
398
13463
5867
604
9764
11106
18619
2984
8038
1226
5615
4067
11222
10279
6101
19896
16684
14064
14826
4382
15646
897
16661
2611
8053
10923
1039
19675
8236
14558
2088
7452
11743
10162
18874
17904
13819
1316
6822
10833
8236
17428
16176
16436
11506
7948
6264
18578
12021
10033
5367
3404
16211
2312
15168
9713
14578
13259
16008
2467
19292
11678
14631
8866
11995
8952
9594
7631
5593
7942
11202
6418
6994
1816
2606
19770
9139
17591
6617
10545
115
13781
8814
1473
14754
19329
1688
292
9837
1851
16869
11876
17872
17241
2846
13816
6392
19812
4188
8110
19802
2394
4869
10948
9050
9197
13147
5000
716
757
8300
14198
1623
9888
605
9675
17619
10345
15074
17368
5970
5766
16764
12707
19575
15462
10873
15888
18260
5776
14392
2434
17449
10942
7715
18030
17761
5813
14419
14103
10434
14273
5311
1142
2919
1817
18917
10477
16626
8513
14679
2036
14494
9462
7492
15538
19915
3852
12554
15668
10524
10838
18087
7935
10451
10753
103
1267
2865
13504
18230
5819
967
2530
4452
33
10100
12324
17728
19698
6199
10273
6549
13555
6555
9451
18828
14951
17698
17999
3884
17092
12204
12867
4864
10660
11273
10927
1561
6855
13229
18866
13400
6377
9349
14763
10265
5425
7990
8868
4884
13478
5498
8893
14617
14454
18179
15954
2839
12751
3406
1359
443
8793
9925
1516
6593
4841
7552
18530
14472
11178
14605
7414
2572
5214
7852
7341
14981
11616
4141
14022
5167
259
5544
12997
16890
625
534
19566
3199
6190
12568
35
19843
10450
4420
1129
12985
17369
1726
9633
12767
3409
12386
2736
4031
15701
9862
11051
13454
11500
17839
881
8362
17750
1351
10108
6645
16421
15176
2913
9508
1190
4148
2568
9167
4132
12031
18657
12163
17264
15668
5341
15615
13106
19357
10662
18520
866
762
3381
3106
411
14109
13475
2319
14902
9056
15176
18616
14755
14306
17315
16605
10563
3917
4717
17412
10649
11215
16560
16223
10152
308
12834
6115
2812
8448
8417
1054
4112
13806
5809
8870
4972
2717
12177
11025
18882
8043
4119
188
2198
6024
4444
8888
17236
12835
19246
12931
10900
14047
10726
11808
17736
10268
11401
14985
5649
10493
18783
17742
4947
11005
6083
13126
16943
2175
4114
17666
7046
8077
12354
7589
9073
4584
2983
9628
2474
430
10713
5869
12217
2726
13375
15665
2265
3488
3471
9261
7917
16979
9262
7596
19698
8998
5512
10649
12067
8742
18577
12697
3908
1428
18333
7080
4557
5644
290
15285
19102
3174
15247
15613
19716
11075
972
15222
16013
5853
10653
5976
16695
7800
16232
9355
7241
9937
11247
8544
13920
10433
7432
6905
3117
6
12080
1146
16778
6527
9056
14826
9726
7867
5342
3225
12645
11051
7135
14144
15746
826
14770
10865
12432
4016
14111
13294
19721
17363
13568
11194
2757
6019
10529
9479
14426
17484
8725
19689
17909
11465
8964
14043
9959
10
19635
8891
5728
4241
549
2906
2199
4074
3893
2046
6551
5601
9512
18048
18272
17084
8167
10195
9359
9033
6111
11072
15668
16431
7039
16218
14271
1862
13350
4865
16640
17190
17696
14354
15517
18372
7869
14360
4545
3099
3376
18716
4044
14200
410
12420
13746
3057
3437
19302
13884
16772
6229
11871
9726
437
12968
9041
1425
11543
865
19677
1060
7454
19811
10365
11735
8813
1641
4294
9871
1864
11892
14841
11069
882
297
2206
12427
8264
12752
14368
9711
4303
17146
14663
6508
11247
8171
7456
4276
7010
12133
10637
7181
12689
11766
9117
13629
5080
13200
17009
17647
10426
2469
17851
7549
18894
7344
2006
6763
595
11759
18286
12289
3464
4751
2900
9916
10886
3554
2945
2165
12693
11411
13990
14864
17003
14636
1687
11313
2336
10591
15875
19203
19561
8524
12326
4768
1415
18560
12039
11081
3719
657
10932
12986
6871
4968
3765
9824
8789
17802
5360
18969
1210
13252
19388
8086
102
19566
484
12119
17901
1470
18906
2198
395
14897
8689
7970
4311
8954
19967
2315
2974
11482
4104
17933
16923
19167
16242
19045
13929
921
4119
18199
8612
14161
4203
8166
15670
7558
6681
11943
12749
1022
19321
93
9032
13888
16900
3959
13886
15694
7703
5723
16235
400
1463
11876
19798
14572
4178
15307
11950
2765
14396
3097
14645
9258
12844
11986
14747
14258
2665
11591
18019
4865
11111
6627
16184
6294
5146
13689
19640
7267
3233
5617
9799
4982
3479
7022
4468
9674
14350
8227
7288
6578
8314
1735
8000
13937
1076
15214
14108
19737
9471
18131
6513
6965
19610
15287
1798
7438
3532
9872
12018
17640
17427
1080
19266
6495
17367
16884
6693
4640
19537
11279
10309
7526
11132
17109
16567
10529
5333
529
9641
3280
9230
11236
9204
2541
17053
3778
14687
18211
12770
19567
5169
5420
5863
6690
15409
17187
12030
15135
18034
16721
6578
18771
9431
16230
2440
2242
2691
19955
17037
10840
14730
3168
12604
14537
16736
15980
3152
3501
17159
1102
17877
11782
4695
18013
15637
18243
15064
12572
18003
19447
19847
667
9444
7814
8257
7307
2351
277
3421
18397
1913
7512
3628
1466
11235
11964
5933
13746
10654
14025
14644
1237
6858
10070
411
785
17181
3477
16999
8711
12392
347
2295
14132
7303
5300
7701
12901
2690
9577
15772
18946
4306
13584
19842
13807
15178
9098
11298
2287
15915
2554
10322
12411
14406
10129
4091
11222
1081
17792
2799
4503
8814
15059
8350
8087
7587
19867
13119
1217
3187
13823
6971
18273
16496
1999
9505
4175
15348
19520
1519
10949
14458
8407
4757
8125
10586
2397
12228
18091
19893
4975
2745
8967
12343
6354
2793
2229
14057
18879
6439
62
12667
17110
9715
8281
13017
8818
19761
4696
10962
16155
974
19884
1548
12484
521
17622
14531
19649
13789
5600
14957
2919
6689
13529
19446
6399
6223
5394
19868
10394
3284
5371
15242
4044
2424
12771
9972
11449
2142
416
1975
7620
16234
12961
17751
11745
11825
6919
13132
9600
2960
2556
8216
14353
19935
9303
2928
5600
14058
963
5642
10140
15109
14753
1504
4845
14495
9097
9348
11869
946
19091
6527
19574
7564
15677
19507
18677
19146
4845
4727
12496
16912
16526
19032
2557
4119
9381
1874
6454
539
17273
2527
13484
16323
6016
4714
5436
16555
14832
8334
4843
6614
5970
3381
1065
5433
18065
14690
5772
8860
14075
7799
3714
18543
13002
6002
12086
3087
16118
16587
2397
7736
3031
267
12408
16423
711
1996
2550
15719
19423
13640
11150
14116
3581
19367
15876
12011
2604
3180
14995
17866
7165
14659
1364
4244
19553
13774
14499
13771
13411
8532
1647
19550
7720
267
17478
17120
12659
524
3820
15836
854
807
15805
6321
16516
1820
18874
7681
17134
2425
12258
3219
7590
10145
18880
16641
14991
4863
19072
2076
3992
5277
16056
715
7009
13661
4822
14468
1493
8719
12880
2750
7303
18528
11279
2382
1217
16025
17358
2533
12759
18012
6894
16755
15772
15307
2620
2357
3529
16471
8530
3747
11709
10432
14957
808
13167
4378
8097
5995
11189
12436
19464
14552
3808
17965
5727
11113
758
7656
17406
12877
6764
19227
16129
4723
124
16103
14466
14764
13942
2297
19761
10261
8812
18596
4009
3247
10471
17207
15464
2828
13602
16159
14501
16833
3922
7062
16206
9367
4636
10219
15221
2743
10518
19629
14555
12415
13080
17090
19420
1735
3725
19359
9546
19694
8237
15291
9049
19297
15613
10864
11564
6826
17003
9188
10214
2938
6374
9865
6900
5418
13550
17490
13483
10381
2391
2611
8601
13789
12129
111
18200
18401
8258
19809
5277
12608
893
1911
4934
7074
3117
16062
4484
12709
19611
16835
5217
19219
16730
10834
12340
7336
9188
963
2692
19775
5661
11966
16008
6104
5855
7993
4840
4901
14960
7748
683
12928
17945
5658
9396
15551
15741
18570
17735
15181
8132
16612
14613
15292
14055
4165
5631
16366
9015
12285
7520
17135
11424
7459
10298
9547
4967
13232
9288
9138
2453
1042
16549
13818
18104
14484
1880
13556
19896
7285
7221
1067
1289
19424
5093
19288
2570
8101
11671
5313
6056
10700
18153
12411
6504
5387
10253
11860
18340
11690
5001
14536
4723
18143
6441
8562
19905
17035
7404
3782
6049
7299
3217
6436
18363
15761
15030
18109
8313
4253
5374
1912
13681
15490
6644
5791
6363
4150
14380
17972
14044
1281
1544
12789
276
9899
7428
6445
18996
7591
5393
1790
14136
17960
17333
18732
12725
6887
19581
2679
799
1913
14896
17215
15388
3417
8260
19205
13015
14815
390
4625
5382
5669
2189
1614
6302
16374
15807
13628
10426
16007
3539
8
3971
15945
14497
3903
10369
1034
782
18202
19683
7371
9852
18964
19594
11165
7825
12834
17929
16683
9666
4
1926
2952
6510
7513
17833
8665
7819
19030
15925
2654
16639
16741
10660
3321
9918
18530
13453
14593
2646
19410
6415
18234
14544
9972
19415
2779
11074
6608
9946
17854
16741
8369
5551
19358
17985
13517
11906
15717
5381
5205
16190
18362
10451
10172
5005
615
11066
6956
8829
18302
11262
10826
907
2740
6182
11503
17452
2109
996
6711
8185
798
3763
19677
11471
7938
16587
11948
16719
16139
6801
4220
8175
9361
10532
17364
18920
4879
4641
3413
1580
8444
19890
12007
3184
4072
18105
11651
15580
10248
19184
17090
19955
12916
19976
4219
14273
12252
16387
2167
5793
15021
2504
18538
7368
7221
16097
18270
15836
12755
8546
19153
13555
3032
19061
7806
53
9682
8003
18716
9726
7979
12181
15952
3664
2109
6187
12241
18951
15064
8152
13330
17133
5751
15755
6894
15086
3793
18857
4730
6117
8544
8860
14578
6906
3003
11674
3624
16760
5599
11145
19586
9662
3211
2830
17271
16732
17343
4239
18580
16947
12032
6939
12145
17390
16832
8380
15172
10750
11156
6871
14478
7463
17271
1811
16365
12618
18410
13095
5661
13646
15751
18596
3113
3785
3422
6619
17294
8495
14219
11488
12287
7177
10402
4693
15621
11014
3695
11488
12290
9178
6550
13394
10148
10327
2752
747
19598
4052
19613
16251
6174
7814
6279
443
8497
8904
13103
13031
6041
18122
5536
271
11261
2075
12696
7849
8825
14424
5520
1198
11070
2867
2324
10724
3273
8321
10660
8113
14897
15472
13469
1731
13728
19784
14854
14014
18657
5023
16194
11889
3811
17522
16856
2380
1875
18623
5405
19925
7632
15158
7047
19358
14127
9276
873
9047
3295
13627
16592
12419
544
5586
4527
12882
8451
5158
4993
17107
18619
15131
3533
4708
2687
19253
7075
18535
3603
14388
12681
9122
6487
16042
5400
19266
4739
3118
14584
289
11562
17408
19132
10213
19615
6079
1214
15907
2288
11273
5375
6204
18888
9981
5290
1036
13036
9435
13987
12858
18655
8555
15027
921
11149
4345
1895
16398
2733
13635
10773
6962
338
15218
17925
13056
2108
15146
7032
4965
4254
18870
14161
19703
3828
17881
8412
19808
15018
5659
4850
12343
6600
7966
12990
15679
16453
5940
18862
4127
5359
6894
1628
16011
16802
17412
16734
19495
12072
16032
16745
12264
10689
8746
8305
6132
5045
19475
19064
15692
15085
19894
11953
11331
3997
18151
15849
11232
9058
4466
1459
14444
13170
13065
19151
17661
12058
4554
11515
12033
19734
564
17573
3163
512
13419
17873
17379
19760
7529
10071
10434
7489
6404
13181
981
9024
19367
15312
10486
15205
5485
4491
3687
902
18706
15101
9268
15132
7831
3476
19103
18630
17686
15383
16266
15474
13787
5361
6910
14195
11719
13358
9208
784
14652
17586
3742
11109
7629
4204
14018
13469
5645
4223
3257
13353
4055
5929
4160
11979
14460
17151
2040
7735
6995
5878
8523
5413
789
10007
12992
11944
8411
17393
1964
9328
7212
15946
12830
5555
751
156
17674
12513
6841
15198
15343
6262
5305
2729
5495
9490
18101
3458
7055
18589
17276
10794
5326
18506
2062
17113
6919
7357
15451
9626
9774
9792
2681
16339
16695
13171
9372
14302
15167
13843
15369
12054
13648
12186
1899
6170
5097
4489
14265
7772
2208
7427
10037
19084
15606
16524
13606
12358
6230
3919
11947
3933
16179
2659
3586
4705
8496
4900
13003
4966
5672
19560
6094
16339
9105
11379
8809
6444
7313
17744
724
2990
19377
12308
8046
13116
11932
15088
16439
1114
12935
17625
3057
13057
3542
18730
9297
10411
577
11449
1052
16356
6425
5116
11606
8329
605
7675
13823
8204
17855
12966
2921
7594
1236
15245
8861
19861
15608
8919
18261
12764
16737
5365
9771
6047
14388
10627
13935
16822
3933
17920
18864
2254
10322
17066
16379
3842
10719
9361
19830
508
17651
815
4385
8723
13223
9332
3372
7085
6771
2095
113
10017
3254
18296
3698
10703
17758
9300
9284
16866
12689
3432
18754
14707
8516
15823
15935
16059
6418
15061
12105
11756
1690
7904
2132
10234
514
10874
19332
4538
19488
3302
8036
3227
7242
227
6851
1014
553
5526
12700
13597
13567
5758
16046
17719
18014
3412
1000
2334
4798
4612
10596
9638
2872
10802
7085
5770
9999
16517
9891
10153
1855
6093
9734
9705
10816
10992
16432
9602
3882
16416
22
5766
364
10948
10104
5945
14273
16223
6669
16017
3802
14944
7206
6068
853
15038
9476
16831
17249
5374
7135
1227
1093
14135
16230
18040
6678
14836
14618
5161
4413
16918
3481
18384
13422
7960
10368
8377
8802
2768
6562
3264
17942
958
8079
7131
15897
19107
9261
15833
18493
6156
619
10622
13646
11469
8530
17414
6333
13787
3343
14903
714
16324
14609
18291
4099
8291
7392
17040
11756
6428
11983
4860
19022
1405
889
8023
7718
3468
11531
14179
7590
9301
903
7949
280
17759
9281
11916
13314
6040
4087
11993
4608
19766
12155
14720
4245
10602
8874
682
19536
13215
16087
3029
1863
9766
7118
12991
19333
4558
6915
15325
17997
4101
8084
5764
6179
8551
19432
19860
1408
9332
2661
7994
17517
14730
14987
4866
673
10349
696
3465
7385
4522
3034
13255
15021
10132
19348
275
5904
13785
17000
12845
9750
834
5337
10757
6045
523
19894
18105
17873
9323
18987
10309
11809
2552
9
4449
14631
14414
12958
8655
6984
14874
2150
1097
16514
18078
3543
12051
8593
1539
4735
13499
1430
17891
17445
19946
14190
1739
18199
11363
11667
12977
1891
4621
17147
14925
5067
3285
6277
728
11010
7317
9056
14689
7089
4005
14542
6547
6334
9369
13402
6193
9839
5298
7138
13903
14336
1864
19643
6906
164
6525
6663
6936
8882
2335
11837
15404
16861
5847
4149
2906
11492
12003
10956
18025
19993
18136
13210
16728
7304
12098
15026
8110
9220
10571
18467
4874
19618
2757
6238
17623
6546
11969
19879
902
10938
13019
19175
5909
3854
16837
19638
19873
3367
15447
9275
15339
650
10171
3254
13931
16274
3867
5698
8641
2377
4032
11476
6308
4117
17767
17719
7642
14704
1885
4697
16016
2295
1846
8792
18225
14183
11746
6463
10492
13952
14251
17431
11238
658
14133
17756
8471
15590
2003
9038
14135
1811
15844
18662
337
4405
7131
7832
13114
5262
5582
19085
18236
15228
12034
3009
10514
18571
12428
5142
13197
19962
17583
8275
7232
2579
13201
12877
1544
7404
12476
18901
4939
8442
19691
5930
7850
6343
17368
15429
7849
13765
1811
18821
16716
19839
12290
8176
8812
18232
7661
12464
10617
3538
862
1681
9493
4108
6526
13569
16107
5961
9839
3222
9405
12009
5836
14571
5625
13613
7474
4557
3566
7342
18081
15717
7185
8838
9249
11026
13536
17787
18713
15962
19208
13284
4456
17148
1602
7223
1052
4307
12756
14886
2169
12866
2891
16489
19196
8231
8452
1251
107
9564
15150
6366
14970
839
326
7334
4915
18
10985
3170
9912
13386
3879
10303
17365
11396
2309
12354
8324
4805
10607
9467
1010
15476
11765
10503
2402
4883
16269
14184
17787
5194
10901
11111
15450
12731
15156
7617
19107
11690
9850
4539
4211
17179
17626
19231
5923
965
8283
17538
6315
10742
13170
3940
16312
14319
2413
2725
3868
13803
6285
10768
4080
1681
7796
13416
19195
10637
17403
8941
16893
2000
2710
4189
3753
3941
6156
4275
7478
9810
1867
2579
6234
19484
19235
3776
16376
12134
15238
2295
10859
17538
10112
11318
9793
4852
11736
13344
1903
12725
2884
2313
1039
2681
12543
9458
15440
8911
17517
10245
9093
1902
3834
18213
4344
805
18746
2965
12791
19981
3665
4228
7554
18884
15894
11646
4165
1221
2800
840
19609
19308
5889
278
9445
2583
4225
10639
1495
5435
16730
8588
11232
18824
11136
262
18783
12613
13679
6299
10378
11089
18148
19824
18114
12856
15433
1597
11059
8088
5504
2395
18006
1067
12553
11699
17588
14021
1036
3893
15033
9438
5414
8428
16454
2368
19663
8799
11376
1670
3926
16664
2132
19698
15170
12079
14750
3659
16322
8581
10152
8637
4050
12704
6754
12276
19242
1551
5964
4128
6164
19153
628
8898
6415
12598
3101
2134
11995
12305
14450
9315
18169
7315
9161
4916
11250
16094
10786
6662
19070
6112
3126
12033
2584
11324
18804
9021
15926
15696
12531
11195
9209
13039
19873
18321
13438
18675
3994
8126
10155
16831
2657
2187
9761
19171
5630
19559
1943
4485
18730
15373
19235
7339
4862
18519
10445
4339
14711
12425
14560
10677
10147
6025
17685
6767
1952
18210
5675
5016
10121
8351
13364
157
9783
7949
17605
3093
8700
4002
5850
17794
13334
13409
14549
3586
19628
9518
12423
11016
11948
16870
2465
8497
9011
18278
13527
9058
19206
19537
7432
1792
19330
11419
793
10954
10570
16008
12033
7175
13472
5025
13614
19900
19667
11468
17048
7883
2275
2722
4011
15469
19228
3220
703
16409
4109
7817
14591
4051
7698
13220
12759
7028
10019
14134
19322
12940
7529
3240
5685
9023
12927
19664
1931
18428
6177
9304
10204
3502
4422
12198
11661
3313
15815
17042
7460
11696
7653
1061
1162
4208
12778
4593
15078
7629
19830
14098
16286
14046
2757
4710
9384
13044
2866
4054
12552
10157
2760
2700
11049
17494
5654
13483
18035
3331
15844
11832
6421
11461
6519
12325
7455
8230
19652
12878
1816
5423
9337
7305
17237
571
14756
9399
13023
12733
11853
7281
16283
11436
3825
15435
17308
19223
9710
13679
12258
14130
17636
17234
152
7410
4696
10174
18122
3964
8950
15660
14026
8194
10740
10743
8691
16346
246
922
11437
17952
16158
10226
1994
13587
16359
16266
19524
3901
5672
6554
5179
15805
18015
12266
8477
5635
10718
8770
9751
16313
17286
18356
11026
5717
1555
9984
5889
6891
982
3253
15283
7222
19695
9414
10620
3321
12999
893
18192
1124
14164
12639
9617
6592
11623
3539
11858
11404
10115
4214
17375
147
2830
8693
19
10790
3307
11790
5542
8577
15573
11448
6922
5003
18966
5864
14165
8146
10090
18933
5883
8404
18534
4324
5617
4536
15238
8484
19774
18941
2846
15903
5972
18213
15874
16174
10725
5276
5220
1705
3595
2787
16296
7366
1295
3980
13000
18934
19710
6775
10760
5897
14375
9709
1053
15958
10707
14147
17090
3570
4097
6217
5746
12867
6971
4045
14395
16558
15014
11131
12907
6657
17972
15073
10912
393
11804
12353
18298
5168
18408
4541
12979
157
6783
18995
4103
18943
15150
18061
11176
17529
17477
14728
19967
5127
19757
9875
4626
1325
11527
6445
2066
2549
16336
19319
9484
13164
1187
6116
8770
2145
19499
13802
2631
4922
14685
8743
16369
1838
2195
13699
16579
9582
16715
14287
3414
34
18171
19541
6616
12155
15313
6471
17167
6865
8839
6900
16193
12288
17403
6343
681
17328
9305
19355
11577
15210
255
3491
4028
15449
13337
14931
1783
12654
11143
12805
8194
3622
2018
6401
4806
398
12451
9669
15145
16262
5878
843
6155
4066
14505
1478
2588
1910
15238
8843
723
9821
3388
18373
6946
2933
18564
18730
13988
1603
16007
11076
3053
6955
13569
16237
3584
11547
19684
8730
14091
9169
849
14986
7235
15217
18524
14615
10285
9661
14803
8170
8086
8308
13829
2651
19863
14891
11617
16839
13429
6441
10840
2566
816
17472
19065
15174
7861
14708
9046
6621
6945
13385
17901
18139
6867
18600
18342
15785
6741
776
9603
1904
1861
12951
8307
8253
18591
9469
10241
12425
12692
10554
2847
18194
10833
15337
15220
2580
8632
17079
17488
17614
186
18677
4687
3243
3865
3938
1578
19242
7047
10726
4341
18693
18485
15732
12658
3307
11198
17455
1437
1743
1027
13931
15277
16119
16418
14786
727
8984
13546
3417
1514
13325
17522
14377
10121
1532
5247
13536
15460
5746
8349
4100
10825
1675
5707
10300
8955
10673
14207
12374
11721
797
13670
1377
809
16525
17289
10476
12761
18983
2466
510
16801
13747
8585
11979
7133
1692
8045
3010
12710
9852
4798
13456
16972
3884
10652
8955
7642
11485
13781
5589
2373
16994
6155
15747
19926
1405
17012
8829
8482
19152
8045
6657
2837
3284
2620
12739
419
14021
6124
7004
2417
12190
7485
3169
812
8662
12888
4608
4654
13678
11919
6398
9694
5813
13631
16158
4295
19350
15439
4384
11539
10956
1284
6132
12543
11789
7175
271
19196
19589
1998
9918
5921
16753
9387
18279
9491
15074
2492
17767
3555
5532
17643
7129
10259
12457
15181
1220
5147
15329
6156
1141
3577
8656
2103
8662
6904
598
11797
18143
14960
4400
3646
1626
17690
13185
15303
18334
3275
8308
3117
8496
2661
14198
3194
13241
11168
18519
3136
17252
6656
5478
18915
18912
737
2226
14904
13898
14599
13566
16719
12479
4233
18549
6330
18200
11197
4059
16803
16245
4556
15097
59
13399
7171
9240
5222
18422
5307
13638
17392
11512
4315
16881
7085
4665
15160
5256
9142
887
16630
13100
6553
19551
16322
386
19410
7635
9802
17169
12162
2126
11853
4118
13321
7586
6295
11169
10975
4680
11594
12162
4727
10411
8321
12362
85
8876
1494
7866
4888
2546
15949
1194
8982
18384
6074
5673
18160
569
2630
2812
11306
12150
18818
11412
15683
11650
15385
4974
9493
7451
239
14809
3115
2743
11945
262
831
6873
8396
14617
3396
5135
12088
5469
18450
8346
11624
1746
585
6004
5447
16073
5752
2387
18239
10786
15766
3634
3060
18663
7798
5688
2993
15321
11046
7904
4920
9230
8177
5184
15036
7417
2669
12726
787
10202
4857
11750
17153
6671
9239
12036
6544
4110
3548
7661
11043
9228
6097
16009
3341
6792
12087
16964
8406
12133
1842
9116
11814
8008
4352
12888
12601
13436
18027
16681
18627
12365
7243
1451
642
13413
18038
11570
17611
18442
9217
5391
302
7316
16179
17645
12772
19007
13920
17565
2078
5026
2969
11647
15410
10211
7407
17957
10797
18013
7672
10121
12651
2658
12488
13445
6626
18988
4080
13043
9622
12230
8698
4443
10236
4628
10556
783
12556
13573
1417
7592
11915
16789
358
6039
5088
4119
8653
8611
9359
2567
3255
7400
15002
11547
18998
4461
3944
18624
4458
16155
13705
2567
19284
18973
10217
10153
11878
13007
15680
15913
15445
1058
18381
19884
7720
16325
10199
7456
15103
19657
14546
7508
5442
8577
2545
296
5398
14567
8499
4926
18080
12580
7030
17756
4568
7280
3770
17699
8969
14219
19046
2142
10809
982
9754
8098
864
13255
18448
7179
16915
3845
652
146
4482
8888
1499
17004
4223
14761
11007
12032
12482
11699
3681
9604
14382
15650
2583
6303
9892
18610
598
7601
2447
19491
2378
13209
17007
12517
19270
4263
19829
8211
16509
7600
5770
13222
17066
17638
611
19572
9753
4775
15647
11314
10540
10700
9739
7204
5506
5648
17
1633
1451
394
16618
2915
5919
6644
19101
17962
12213
3484
2615
15423
16987
14713
418
15590
8058
12073
15990
4656
8346
12842
12819
13378
8163
16703
12773
15748
2556
6461
5088
11974
13022
19923
7096
1886
13615
6140
5139
9823
311
8207
19510
10135
19500
6956
816
3599
6527
15121
16777
9395
18471
9934
8322
4712
16659
13629
1683
4618
3921
15935
19286
8530
9157
421
16360
6435
17534
7404
2478
17942
8467
167
7659
10328
5512
18343
1203
7924
2396
2571
8062
4494
7641
17928
12376
2732
6570
10131
10672
10528
13966
18133
18298
2374
3261
19490
1785
6090
8828
772
7153
19988
6832
4259
19559
3662
7038
4337
3232
16782
13083
12220
12302
4577
11957
16035
12909
6169
14749
14791
14891
12421
10234
19397
17384
3734
10425
11634
6834
14973
2982
12870
8194
4683
19182
18320
498
8822
18150
19765
6535
15404
18137
9914
13014
5790
13856
14962
12382
10790
5241
18398
377
5310
7450
18764
14440
13962
14558
6796
17249
1898
10075
13276
16942
24
16298
7915
10998
1865
11480
1722
4291
10508
18858
576
3465
8391
4868
16071
9595
10128
15157
1238
18997
19133
6528
3368
18070
2509
514
13890
2245
5471
10026
6176
1365
6506
14345
6122
14257
7568
19722
17489
3793
19769
2934
4248
363
4354
13369
15539
6513
1195
5559
5379
8389
2595
8570
8860
647
8896
11220
9342
698
14183
12856
7029
5376
15342
18249
18319
8589
15779
2140
17436
12012
6298
14066
17119
2550
9964
17335
13518
77
15211
17336
11953
16902
12021
13876
4810
16382
9687
9806
10617
12336
11511
3934
4221
13147
11690
10080
11965
4864
2759
16068
12935
6165
18106
6596
17568
14690
3413
2095
8299
19021
13326
12081
3445
13540
5197
5943
5118
4389
10463
6736
14763
13935
6014
14239
5733
18429
2870
2426
11390
8952
17534
13416
19271
9282
12585
5138
17192
15966
7403
3087
15465
5688
7340
17972
10973
2900
223
469
3431
16754
2791
11931
1938
506
6432
15607
10795
18865
11594
16776
17575
9166
13239
2175
3551
10769
5974
9208
16847
13765
16738
13611
12057
2850
5428
654
6581
5118
19360
19362
13546
11599
6202
11907
3952
11486
1785
989
6548
15306
14181
6896
12943
8698
3470
12917
17614
11980
7835
2848
7678
2376
10924
17582
5732
5520
2862
19110
515
804
17874
9736
14820
11149
15159
11894
17797
1935
6465
9701
9704
16132
3786
7211
11140
3063
3629
10304
15942
16779
528
9262
17159
6675
11767
7283
8923
17770
17733
6549
3516
991
17889
7924
2588
4799
11034
2972
4185
18722
10341
17685
13207
6563
18618
6180
11821
2544
17271
9586
18571
7108
3678
10437
125
10820
5971
6123
18000
14550
11676
16276
14101
2068
7230
8473
3562
17180
19074
14196
11083
1716
13850
12753
17894
2979
15166
4677
435
19628
7454
18110
18997
3554
3651
11780
14807
11943
12733
16387
17429
8499
15589
12580
10848
5731
3273
18154
16253
1224
10382
9728
2247
9984
8100
14852
9151
12236
6420
19372
13011
1449
13085
1823
17091
10912
8026
11738
3870
18839
16344
11992
8934
1766
358
6605
9684
3916
1793
14965
16369
16233
8883
10962
10756
12973
19965
1307
18578
15979
5092
11106
5943
7231
10266
16772
17008
8756
5069
16437
444
15659
3785
16238
5656
2825
12579
17233
6166
8743
10809
12131
7237
10946
3300
3658
17553
6710
2181
17084
10646
19964
11843
18271
10776
10729
18648
5614
10094
7004
8203
19301
19164
10602
7325
4567
11311
8291
15283
16963
2770
7462
9436
7113
15203
11599
4126
10067
14972
14989
8449
10037
14359
8369
8502
15191
13988
7669
12770
19114
2801
6483
5483
5688
12200
9604
12118
12313
4356
9736
13653
2788
1174
2386
11728
15609
10049
15001
5596
6059
15279
15560
13526
11168
19913
3115
16291
15499
1779
8190
18414
2654
9593
4495
14067
2516
10297
15031
8801
7455
7141
5507
5753
12075
19545
15839
15529
10560
10400
6592
12659
3256
4206
11329
18329
19874
357
8179
19044
516
9852
14287
13948
7733
10858
5386
19691
12893
8806
9371
11092
8375
77
17540
18246
3445
14823
97
16319
6149
14136
3514
12954
16159
19484
6539
27
14208
18252
18912
11435
12631
18203
2249
16676
8472
15818
16112
1139
15744
18724
3924
18389
6610
791
13181
7121
2649
10003
12325
6063
6812
13799
2676
13780
14276
14380
7969
7143
6129
17333
16354
12197
13678
10903
10103
14184
3121
10441
6802
19716
10442
2722
12494
3363
14602
8291
11995
3410
13449
6428
14523
17057
1237
17006
13821
4067
19251
6233
11121
19650
1756
19165
6555
2343
8319
884
10057
691
558
10346
16328
13723
6435
16188
10081
4562
18460
12118
17591
3916
13498
1065
18463
10777
1368
11861
17592
1353
6994
9987
11416
14067
6621
4811
4883
8396
12415
19722
5936
18392
11795
18720
2870
17926
17878
13258
16572
4004
15707
6516
14430
6933
15217
8798
15637
11724
6412
17358
8598
3753
14811
16726
379
13561
15927
1483
5348
10602
6415
12427
15629
3808
6482
9222
19484
8034
3258
17849
5430
9775
18037
9584
9649
12968
11672
9707
12190
6278
11840
18799
3482
6934
13528
17213
6838
3039
9798
14209
14917
16161
13727
17225
18527
19135
14414
13897
14665
10165
10025
19701
17392
3630
19067
7442
19872
10467
7459
1359
8869
6537
3393
8200
13984
6086
4627
10421
3106
9251
13534
2490
12826
17443
4099
10341
7966
8590
12028
16085
17917
15323
4221
15404
19152
13587
7094
3388
3029
6534
14575
16087
5961
19172
16083
9702
5012
2897
2368
17068
16183
5883
2865
1961
14902
15217
2002
15789
8667
19757
13913
8329
10317
18872
5110
14440
7058
11527
2845
12058
15170
2655
13306
3279
13231
19270
18200
9981
17705
17520
922
18156
3940
3659
14206
11049
2875
6868
1
154
19181
9940
9311
15291
83
5002
4803
10215
15802
15789
2235
18588
12287
15420
18096
16665
4872
9185
314
13658
17500
5555
6501
18504
16312
5435
19909
2639
18699
19622
17143
12378
19323
17503
3622
1655
3139
16210
12891
16093
12112
18772
4117
2772
17122
2249
8434
6595
19438
2383
9282
3710
7201
12
14482
15282
1491
6300
8517
726
3862
8772
2329
8545
2622
18226
4907
5043
8682
7766
6072
6433
13441
19527
3039
8226
10990
12110
4729
17333
4790
12291
7245
6880
5040
18290
11540
11547
17115
18669
10021
2082
3708
893
2694
1666
13758
6646
15392
13922
9749
7190
2780
2625
11662
1361
6996
16543
10595
1243
9190
9335
8035
6144
15641
4086
7749
14148
2775
14779
6463
2387
6110
2915
16754
2071
16990
16466
11001
2407
7975
10513
18783
18723
2814
4123
1755
14428
185
6455
9843
13887
11704
6538
10472
3833
4201
5832
18624
14675
3844
416
19643
19820
5426
10523
9000
11125
13960
9165
13660
1610
7723
18705
8198
12797
11968
4482
15504
3333
10759
17997
6659
7994
716
8644
7525
1754
4957
12619
591
2267
18084
388
19785
15959
3819
19963
13252
17827
15720
12268
14515
13156
18383
16963
15950
514
11658
12391
183
19725
3578
1662
14806
5961
19106
8406
13694
1652
11246
354
14273
1598
18647
16652
14230
3511
9602
15706
13433
6126
6136
4347
17266
99
13884
16239
16095
13112
13552
17710
2251
19896
17967
12562
701
10347
5072
13911
12489
4474
1712
10759
1056
11591
15625
19730
10727
13003
13800
18298
13906
2370
4204
4826
18972
5988
14836
2879
14366
6443
19199
2506
16041
7380
10469
9592
5229
4595
18004
15868
11375
9211
9312
6784
11157
2392
8180
12240
18618
7876
5410
16019
13784
8531
2430
13770
17490
6218
10042
6538
8730
10440
4658
17083
17454
549
2597
19586
10559
18760
9366
19892
1714
16749
15317
13015
16687
17342
1674
17436
15034
4582
11650
1548
6248
424
10206
16663
3918
4379
2995
13088
14959
3597
10124
1025
2647
5213
13589
6478
11967
225
18574
3786
3702
18716
8320
1087
9721
19953
9798
12738
16083
17685
3217
13615
2868
10935
2191
14203
40
13601
3386
2525
17198
12434
14564
9225
11728
12213
18161
5464
14643
9430
13875
19834
16317
11331
8236
88
5363
5874
1697
8270
13045
9957
4537
3671
2913
18236
11689
17077
760
2900
3606
11886
3526
15975
15338
2923
17446
24
9264
2160
15514
589
18226
2076
12254
14249
15308
11977
9812
19871
14104
10397
13559
7473
9020
7538
7671
19015
9030
5752
1551
8532
251
3153
6528
15218
12832
5738
18880
2348
5834
16763
10059
7418
171
18602
17871
14409
4110
11989
13428
17794
8466
10255
7820
19714
19319
2078
19764
6694
4945
15262
10891
10335
626
16165
8858
7611
86
4710
136
717
5549
13213
4123
13852
9725
8833
18128
14884
2553
14046
8801
13552
13075
17290
19764
4659
12574
6848
7465
14655
18948
4985
7708
13076
14245
6530
13807
6518
17425
16327
14031
2086
2579
13349
10737
9773
19246
5806
6529
8727
15884
1167
13814
11087
10192
17793
3264
18889
10676
10760
14017
4458
12714
13437
3817
12806
9343
8534
867
5698
12083
17564
10791
1430
10345
16072
11931
11729
9321
3460
65
17819
15697
882
19712
1344
8184
18435
3323
12676
15513
3745
11943
19071
8459
18054
11368
8198
14372
3049
6300
8778
2837
1920
11739
9348
9270
1506
5553
8658
19638
8920
19150
16715
13931
5636
4166
4244
18646
14800
2257
10091
9230
13409
2369
1084
12316
19972
15279
16903
4508
10447
8706
3718
9633
450
7988
4654
19532
157
17085
12611
4871
19786
12571
1497
1876
18202
9343
15660
18531
4922
10896
14093
19479
6696
19337
15937
2717
13823
10687
16892
13157
8507
19584
2293
8216
7801
4131
11978
18820
7070
16458
14474
15555
6413
7422
3613
14176
2093
4967
19385
17283
7820
4770
16630
9673
16546
19120
144
3770
2508
5381
12806
8454
15326
18901
4559
9759
13248
6932
4362
5087
996
19869
4691
3965
19198
4048
8734
17837
16971
16392
4108
8961
7034
5301
13740
14243
13557
14544
14509
3639
16992
7247
7303
14772
17232
15662
8330
5491
16728
19021
10860
4303
8546
16598
18986
14999
868
15989
593
6223
19054
17663
5384
9372
19158
5997
5641
18889
2646
14298
2357
17922
1085
16712
17408
19223
1689
13471
3648
16326
9877
17579
9132
3212
13355
824
9086
2050
3761
14915
9840
18069
6530
9584
12609
18194
7376
3640
1835
5834
4704
7254
12750
18031
1224
4178
15856
3162
15211
1100
12255
7493
2062
18038
3046
7081
10238
8442
18446
7893
12115
575
7886
1478
9967
2787
992
6114
20000
14479
11206
4081
3262
11785
8713
4569
1266
12473
17443
18692
6270
8054
12069
8165
11421
2763
5273
2459
4355
18879
2967
10556
9347
15732
5749
2929
7721
5795
8527
6948
14000
15422
17110
4662
16148
10074
456
5713
2266
4284
10375
10167
13210
5140
6655
16085
892
14751
4884
4928
15369
1909
16723
14206
10347
6110
17907
1277
6347
18088
17967
14775
3542
10226
17483
896
12150
7441
3595
587
7266
14603
12612
697
17151
10032
19695
7200
19253
16318
19950
11856
6606
9471
2679
5021
18756
5329
11139
6760
6010
8175
3795
6064
13525
690
9930
13641
12672
16651
2378
7645
11078
8168
13217
3650
19903
17836
14466
10283
7156
12793
15137
155
19213
12487
8420
12075
9253
4854
18379
5005
10894
16652
4196
6804
18112
2846
1829
1549
18396
7233
17905
18050
15070
1902
18703
19159
6878
16658
18308
6571
8160
1208
4307
9030
11324
2673
6868
13214
14843
8928
17560
6025
4613
4275
18033
4631
4268
8147
5425
16318
944
19798
1353
14050
6953
12357
4385
15621
14996
8171
12097
14383
4770
3989
18114
7737
2214
19363
2007
5935
19138
14522
15462
18229
10621
5025
6818
5961
296
9665
17927
2949
19537
5352
12193
12359
5563
8154
10722
16206
5596
13179
4723
18761
19469
7648
16598
8333
1463
1318
19607
3265
13645
16268
16560
7424
17623
4173
1682
18112
9368
13278
6610
4997
2653
9619
1421
12539
10649
7427
4666
10359
2349
2185
12555
6086
753
6476
6789
3435
3113
3547
2942
14639
49
16409
16871
818
9981
1346
15352
16442
8064
13859
18908
14825
14690
2347
19776
10370
17654
259
6012
10303
14165
10959
3918
3719
14170
11231
5302
8967
4833
19123
13519
11783
17501
19733
2805
16024
3131
18597
19122
16469
9905
16475
17513
8860
7625
11636
10959
16238
17507
16129
18744
12544
3106
1101
8568
4622
18350
2832
5933
11922
12074
5996
16795
19587
14900
13517
15008
15067
3988
13465
4823
11005
13892
2572
476
7847
17675
3244
9865
18510
1401
16350
7384
4373
17292
5609
12158
16989
6044
11051
12259
3108
7232
18816
12903
11987
8182
12472
17211
3383
16356
17049
11801
12284
18035
1167
6300
2099
6954
4911
5798
11912
10583
11512
18335
15374
8816
19448
15715
18875
10157
18200
15233
14909
3808
5740
12375
12846
2600
8677
10080
13827
11343
17069
18883
19092
17892
5043
4038
1755
10139
15671
10695
10911
11135
3923
6236
13923
16651
15110
113
17827
14785
7829
15786
4033
5566
10259
16861
1828
14
6529
10062
15673
2765
5934
1357
8892
10104
11939
8396
12032
6125
172
12351
8090
13765
15050
5305
8695
14560
3187
15545
15510
11248
18411
12419
19270
10697
18006
4856
5281
11172
2675
13232
8624
7561
13809
12939
14957
931
10736
19824
13482
14686
7988
12641
17530
18586
17961
5685
15169
4010
17934
15995
17336
19127
2039
13807
14244
975
8576
2419
12114
13001
10964
4142
1808
11201
6681
12747
8497
19784
12659
9616
7239
18137
17939
10740
3189
4904
14765
14798
7126
12077
7836
18708
7095
12298
8113
16390
5166
15921
12342
18898
14676
10884
12379
9666
17789
18095
9425
17277
5789
17762
7458
10011
5281
7994
7407
11350
12278
6006
19057
3686
13161
14358
11176
8670
6583
9968
12033
6976
13591
11960
12273
7654
14637
5954
9983
17852
1566
7007
13871
17369
304
11188
4605
9285
5677
16633
6649
17919
13641
8939
3354
18361
18181
2884
16596
8074
229
12709
8892
10337
14169
6583
10747
11778
13862
7371
8860
1767
14580
11460
11870
186
19839
10143
19486
11854
12847
13948
18118
10865
1137
19299
11542
16157
9911
19026
8672
10795
4727
3495
12164
1805
7400
7506
1370
14820
10295
9613
1056
8344
13717
5151
13360
16185
8641
12002
4589
3366
2811
9017
778
10799
2016
11016
16313
7070
10397
11407
18473
1862
3664
13735
17399
4872
17389
6831
5790
16508
18837
14759
15521
12230
15309
12358
9433
11087
14542
19968
5696
805
13444
16758
19418
6747
10297
1140
1609
110
12511
18814
19131
1933
7147
14310
10913
13785
14598
207
15518
13471
17221
19773
13048
14637
4144
3352
403
2853
1083
6607
3079
7583
19735
9589
18970
9372
5149
9621
10061
14650
1456
18104
6406
16764
16433
11607
3476
1147
3600
10987
18738
4965
16897
8792
6219
7184
7465
14806
8869
3653
4646
2387
17683
13643
14031
14090
3828
9201
14269
4103
15435
16770
1266
17118
4253
11685
13561
8554
9011
10512
15835
19393
12130
3590
18904
10409
4342
749
13975
15205
17784
6843
16579
9206
2327
549
11301
12662
2160
19840
2262
9700
67
606
6314
12588
15390
11071
15973
10657
8278
13984
7361
16670
17681
11015
14756
19959
3394
19315
17840
15257
13520
18936
10332
18934
17889
11593
19384
10188
15226
6204
4018
3788
17311
14701
17813
13050
16860
2812
16154
17032
17569
14814
1612
4252
4504
18706
12315
6802
962
18819
7698
3303
13935
16572
13577
16944
14497
6886
14243
5691
11698
17735
3093
15784
18975
13347
5321
6754
603
7794
6250
16444
2399
14998
17146
17920
15655
13638
6674
6612
16188
10996
655
5727
1440
8493
5344
10650
17725
3458
222
8998
6969
6627
15086
11940
7765
12935
13248
14570
19017
14360
7705
8339
16199
7875
404
16959
19948
9028
16034
18660
14702
12231
1295
12365
1064
2518
18147
3040
19781
355
15298
2396
7478
11047
16018
5117
14726
13306
12352
7903
15529
17794
5886
8881
4002
15722
3463
18324
8772
50
2583
8099
18575
17406
5682
6919
3523
17510
5112
11211
15699
8739
1335
7295
17
3359
15714
9581
1683
4092
16252
11602
159
4785
9710
1984
11140
12357
6787
15795
17905
4564
18374
13249
1248
18743
10364
2362
13281
355
12108
9907
4533
6979
19337
15888
6057
3348
16178
778
8686
16071
2926
11868
10085
2905
16280
15354
16934
10732
6985
4142
14336
8833
16207
17883
7484
9658
6374
1351
1624
7928
14875
50
15542
759
9704
7809
1057
16438
14972
129
6443
17508
1217
9168
15214
15080
505
1515
13384
15532
9561
8279
8077
18250
5505
8513
18303
13606
18240
1638
4721
14071
1153
2278
19390
8167
17485
11795
18785
16918
13600
4807
13770
15507
2336
16140
8744
19059
9737
3853
8861
772
6672
17431
8979
13057
13193
16672
925
17927
7983
6477
6689
1564
17809
15482
4329
9796
2631
12346
632
16166
10880
2528
29
2357
16366
507
2732
11895
3395
7645
16799
12399
19876
4289
8552
9070
9578
6202
3713
12695
4126
38
7667
19097
2971
334
17396
3841
15250
1384
9929
15869
1327
11332
12568
6882
13768
12988
8660
19410
17593
16095
9387
15881
7894
9171
6778
3404
19230
5539
16113
14567
15693
7814
16875
3243
3151
7831
10604
6197
15860
14916
11264
6245
18534
4370
9165
10782
11883
203
3004
10670
14775
11374
16257
8814
19357
9185
3928
5188
16855
4996
13594
15630
11216
2033
10683
5431
15377
12824
12131
15558
644
14689
14796
9269
3543
19689
15468
9990
6434
2590
17796
17459
18337
649
8180
18514
10562
12387
17382
11296
8180
19051
7592
17245
2739
12067
15677
3918
14322
12555
2511
3511
11704
14858
5577
6894
18232
15019
7436
1013
8036
17309
16194
18752
12259
7121
5755
4615
8229
16940
3438
7066
15828
13629
451
8902
14819
19843
16728
761
4433
10194
15830
9639
12313
13636
17860
14271
3691
7553
18782
12281
3691
6156
13046
10183
5736
6059
13099
6670
17248
15278
4138
12020
10200
18391
5363
12060
18533
253
10055
3794
17057
3369
5912
1612
7170
9964
14424
17977
3599
18739
13413
495
3302
8471
457
18524
2803
5839
16543
16744
13440
3260
19075
10592
5349
4016
11311
9000
10482
6564
1291
13593
12573
17709
17515
291
7656
5164
10885
19233
12607
4060
2872
11978
11168
19051
18359
1154
16965
13973
8318
17016
1309
14338
2216
7847
19864
4487
13007
16670
16792
828
8554
15457
7523
5371
2517
9822
2083
9605
5013
2129
9712
7819
8779
9016
2493
11055
10071
10531
10828
8148
15249
2374
16792
18711
3716
10206
2749
4376
5840
5533
2121
9293
10509
16375
6733
8581
1113
12734
10954
14356
11052
6845
16639
2930
10273
1211
4888
3921
2869
3668
726
12263
12449
8014
15017
7486
16733
11166
4296
11131
5810
3417
3660
2811
19436
6998
450
8167
8005
10039
7212
7854
19031
7878
1221
15695
16453
1826
4878
16270
13555
16602
6350
17459
2003
2035
3057
1842
9249
2025
11971
12358
14475
4357
10140
2250
19296
8619
6468
17093
3589
6324
1496
17558
19084
17257
5775
15596
3819
9134
19401
3820
19016
3869
5377
8157
16669
3041
17681
7186
880
7603
11287
18110
8888
2451
5833
8906
8799
5136
17255
18996
10152
19858
12394
16613
10767
12773
481
10076
18716
12765
12314
2295
1