50 1000
527.2053075863984
877.8687998061583
362.7874183665394
881.3825025430558
667.0266703586354
224.47105170536275
912.9300801621341
9.29947482341209
911.5322264265546
446.3661488513919
651.278596857759
201.32785579418135
447.4437835209568
69.06153364047107
269.3416059876135
364.24796779954283
982.6480161291666
718.9427138763438
621.1625520995836
126.52919774090432
954.5382521930005
496.4812475799209
766.4898992621166
708.4505251551508
639.0286609443655
887.5031957217884
680.6529096958524
184.07263200277168
37.57701043802142
145.29499689937876
395.03061022609677
512.6408556033604
682.9456034886615
780.832393736328
506.3846345494529
75.98728365716245
173.9790689619084
981.3605384408542
491.776164569358
462.2576571823361
844.3028228027139
369.43456025938514
416.8757581685636
249.73804566172254
874.6184441658016
840.6813611857588
518.1849710022037
694.3303691005484
353.34118980973386
498.88073839600366
620.7310122522529
402.8026275097667
687.0198016062766
375.12714990810326
588.0423717440725
374.5692222932242
348.0276214277016
341.9106539972732
326.1723212407115
424.8215215405452
239.33460052958543
200.4101178666684
222.09860103624723
951.3680999383403
237.13530450634357
659.2913497822396
412.4404433219896
356.72599044296805
421.216349359323
470.7151108675781
823.4997378177541
87.67483481582138
751.8533100776054
465.89947639504345
325.374210370229
834.1069447275845
101.63505465598787
961.5294454439183
609.7659753794405
464.619329094096
979.5503380302504
719.8117715358052
65.09279810373403
752.5518553250516
5.750793471074989
101.45352804570874
862.8589656965971
916.2830352205677
896.872381422751
373.21407632326384
967.0873290131265
482.669499908235
621.6820534139347
287.6491376954462
600.5893372944735
889.4036979806536
740.737901266427
32.13379286065488
745.4762674025119
914.8700998539384
332.24780643043016
390.40079773608846
201.17127682705592
344.9717688508973
124.75990553290195
474.6069792539127
267.161128273712
119.98020005177135
593.8237583477302
739.8701231994546
338.5351455286547
485.99316932225753
338.85019625663284
285.11973682446865
924.9753329138582
286.92845919999087
931.8381160660532
375.56224616708676
858.4671542376275
451.1724889663894
741.318812990568
928.4329422118582
714.2132262074208
80.68104610296433
110.11042570249919
821.9687945723125
761.8368896609798
866.1342207600053
92.14080059778296
101.56630169547486
119.70191891388171
36.87741588297633
470.31901981148474
809.551858806942
592.8574385961741
290.5803392206556
690.2453429464204
561.0211278157359
108.22260092686575
908.7460682904431
128.38922767991423
453.39507850095464
329.65771641656715
855.7836291635658
219.5650051497714
544.0958922254005
288.5439209817883
803.0232358050929
295.1147638510062
953.1357329886849
128.17081305869115
192.46777753124155
44.55237657437516
550.3814235080248
466.17424805349947
766.8662334522503
189.65455480585157
404.62094249978173
424.91574287645795
220.84541652331458
354.5119722335662
161.2527291577146
737.1024461380398
80.44528782531447
864.6682515216646
411.9371082123685
914.2333694968364
616.3479593385737
277.1416807255794
732.5951754322008
458.080414463229
745.1238518145627
743.2332684445419
848.995137158914
868.1347760981996
523.9869601635738
93.78577350611394
816.3763811934281
456.232509063346
738.840195544184
256.74721072252225
324.34765608169727
432.4636767163698
638.9176539811565
93.26610628636412
40.419214070636535
862.8780007768474
634.3115775707407
418.5259838204275
739.9302302684129
316.6690356467973
252.0769467958507
251.2130937695226
976.4875093001904
590.6879376251528
667.2122905319857
443.41017142867344
620.9396509562021
219.82610160882422
843.9129194022826
897.3996974249524
627.542137534398
218.8082820986008
269.5305779513718
798.2646247681578
741.1150268652966
13.520584193695617
816.7737938025617
987.7442191862643
266.96916071835886
876.0238213791949
360.6660294182955
174.74218206682445
440.62538547127593
921.262606193651
905.3390732175055
792.2712325079785
834.4108453949386
222.1493120531528
790.3733769080608
920.3273733373699
470.83453102830055
498.75691204384395
865.0562181148719
285.936034987894
723.8524118354811
483.4056879460794
135.15488626422967
704.8715647453328
49.54881296465441
936.33897407147
782.8384922897087
646.7690476062319
608.398688673996
364.5006620484937
8.99048344950204
599.7392350664578
311.3877784071699
81.58953648318368
445.71623801053573
730.6289802463727
954.5397252923203
811.3838638990026
3.8965032302789027
151.09470422278827
269.45696794836596
623.8589809242033
39.25952565267532
113.26988676676386
229.16017976670432
624.2838024786905
886.5251589338309
355.0305793081099
622.3481498177916
738.7799566569166
140.21888733032785
751.0406280745708
54.16846544795184
954.2777568206207
362.7387543168673
29.289163306051247
870.8761496950228
576.7070570290862
841.9795756508868
402.4970978057496
759.364359214246
974.1622162090274
53.36377212809573
665.6000676920228
408.8606429330604
791.4855714463564
764.8075912807551
21.60494640381694
896.7149953923457
295.9817961588079
731.5681502039116
298.53905106161784
689.808446122339
422.92181766455394
776.7526330942324
549.6227804479875
849.5844897363796
671.7400555284761
350.28791020353225
687.63625987094
538.8150530515685
977.8002746048273
697.4252490323777
943.8055341708301
485.64711097305513
599.626896529208
361.28756052138056
70.09260748024704
336.7477799788635
178.64283957889504
149.30761934184545
359.38087389421145
415.88652938213465
159.1613149488236
292.0580986767849
419.78551894155726
136.6069990551353
870.2296579982236
395.7715575993398
852.9138858003836
655.2921743024557
183.49020661640714
906.0497337606796
337.61879132552144
973.282063112926
122.23642999306495
763.3640889448366
610.8868843587742
33.73096390163744
140.86638824104625
632.3889594193596
481.11538192846723
329.8865840754085
769.1180441583736
884.1005286675988
145.9704266170404
791.3660524824363
867.0837482963822
384.20178294650884
364.2317323551232
184.6574616350164
661.587249486396
309.9803695546829
590.6576673804295
705.1478435843663
692.0254981966287
728.4531963098133
446.76000403551916
153.2604098645677
617.6330668422627
168.57566572871562
804.2577170048272
137.9251485097043
819.2989528582328
226.22055788991668
473.57933347354765
976.2279828912863
710.663665466893
816.1747423139055
678.1961950958132
536.0510762633712
422.0268682030032
825.6469628291119
700.5163820464978
694.5909690406892
201.1525519106867
351.9113297154736
294.7398660594645
816.6524015478279
192.33243193480143
261.97986894839033
849.8406922553546
934.5759823628323
843.6879293511546
436.6410309554413
376.6221814928801
545.6232241900857
534.4616855071849
989.9114491942834
781.0564738310577
612.3207933952117
970.6637830908759
437.630853822892
574.6889352156571
671.3015668983965
933.6074310463068
928.6683752797837
777.1929090008823
913.4739214725687
209.80857946052888
609.6456891701512
619.8611418501717
610.0528418155634
846.3838575773434
494.0812598501554
151.15170350678608
101.32721971368707
509.7196670518293
939.3296001043227
74.875503073639
657.7804962920081
642.1431422880405
233.2530176306178
510.8079560017427
924.864593881133
990.1223676103405
786.3212768079329
584.7322564133971
154.82040943350117
778.5566701914394
503.7546523143911
895.4490319816362
734.734567535585
725.5798082104407
618.4230150795001
905.0804868051157
492.0439991459913
523.0814207373431
563.3559219290989
789.1044008146805
272.82715880151767
701.4529065790382
91.68411947029198
245.20073113485518
49.948423118293505
49.159003108403596
792.6354744118873
237.3239196015463
325.66895968870267
375.32333389092696
714.5054372300029
741.9032665414085
871.7035819908034
550.4176219509119
473.7019750684972
75.08218403818346
787.2690749657937
249.9417495063826
313.6294949042836
916.6813467156403
19.317533710038305
561.9250566930604
138.50380003880124
379.4335194230205
514.9900561873542
231.93215587861738
42.35518485524903
344.1735517035326
368.691076067864
966.6502099398508
529.9298146247128
781.7777581481832
559.7076369340679
823.8160282077627
405.0659864372158
31.736818012910618
326.0320042545155
753.2851085358174
210.0163209762026
995.9038566865877
842.899191829944
833.8491546297879
166.65887504477615
987.4244663778804
546.7424897635137
827.1825275115519
481.0129187218457
31.680160758312702
725.0149312868617
610.1306503568048
376.9320007135134
858.0464668124313
423.5849537658254
119.44816151864335
664.2842228549592
534.4051082693545
726.2910358581875
572.2844981169281
284.94434953510904
479.65640236596465
167.44160716834554
51.003053257795415
104.7061293907523
130.94204552395595
354.205602152859
86.3582656830082
838.0371432217781
977.0212697882406
719.0332842569085
4.447561728425087
222.57580195192517
911.2796737348274
970.3836641907488
277.4681438078002
364.85044219852114
570.4525729943701
955.1494196287889
614.5724803341951
330.596454251756
271.46069700609155
890.9598344948415
380.4324853893104
549.3448829424748
486.0357292722541
531.6875989354974
828.7711600758904
245.3994857619628
194.97084988356372
63.543648001373356
922.3682362889167
734.5063126505277
237.26406087087483
553.3562047655306
438.25145477268734
835.9052570309403
65.0631637196979
379.6689898075343
112.11447717024903
186.35137933241685
580.1434674676453
258.5956370339487
554.5409951678665
587.5703144717975
676.7263201732848
743.4508620526833
453.3366133803599
603.4418858746681
145.08525280859052
264.56479424051224
689.6813110959986
38.24116955714641
882.8218187175827
814.6347680641142
78.91100563861497
912.1942419911304
537.3253436562701
842.3176142636347
351.1750933730855
137.83632802180057
595.4494148303437
456.39532757365276
15.23543565676544
892.4529769760037
82.49951322719873
683.6620197171826
991.931025345927
787.150762632552
211.01170845950278
325.2396071598441
39.13629352523118
616.6463402873462
686.4292215094665
295.2671035169626
75.458786750211
873.4976628748163
135.734391717665
453.6872980292481
199.9744851327393
112.41879693248124
638.3861619982539
507.6992668635311
542.8209437439721
330.6079445376431
741.8575184275949
333.08597949096753
598.7797400892538
411.5506569924286
341.60360296583025
981.0882918473079
820.3699894037854
373.11556293548887
679.1729896588296
638.3859398116201
419.8276964361618
97.73816976821226
498.6060704087132
952.7571431638138
73.40483464915681
89.93022160340358
334.6950446205612
618.7143017687033
621.0408329127134
57.39682766321885
396.21759741942066
577.0896642993966
835.3170091676533
607.9266240478986
405.0273500251566
922.0157765767766
255.12012352304026
483.0140132701943
250.12631783303053
187.05832133683953
274.85268391195797
511.78442482127286
760.3219840764168
323.6698267283044
800.5679502956591
100.58972060641314
260.4931005127893
211.0441431058575
96.79011619057054
317.49794008240605
246.64158992305042
282.7143145986745
630.6042545344416
929.4307964115253
402.7462880776327
693.6910043958258
949.7360852447171
760.3024249667511
757.4850712413842
897.3232675536087
164.8344194456034
566.5593260033576
687.655850481398
885.3925633678673
415.0533019395783
632.9986574072205
764.2454512952768
369.2097477248061
450.33993425446204
353.9021486825467
107.72085537391085
461.5962488813159
990.3762582180515
844.7937296637792
925.4918923645697
811.8584966825711
448.35864278772743
84.68972172762379
960.1354793463152
889.1654327157596
96.41588694880487
955.3541533868483
636.3308949914999
907.6788652588277
85.56816869188843
155.58841170235593
301.5015248859271
635.2576667174723
2.7975137584674847
431.4029916739851
398.77615314480397
662.2256147292304
252.4170259469277
957.6207714132307
909.6133751405954
216.05315102719513
564.1745359520987
355.44287429954704
972.1807495920207
492.0315665494258
472.16804049138307
209.17828557904085
860.7951151614811
957.8119488935076
171.4462802212452
955.1726426589308
179.9481325778738
677.4716537445646
881.4918232482116
724.0552838517323
31.617924493274053
991.2383142267823
873.0912270116086
672.4480250624669
511.3428162235304
330.3313575811084
409.7976342415972
890.9890695210693
604.1908280559306
686.9359749011429
658.6091201848039
761.5831120495018
92.37405844088376
659.5602528519096
917.5460006535463
714.7719746794443
489.98027494153473
984.0828713550708
52.552250095930454
779.3792983932769
994.6751538082729
503.17966314797445
718.1264204454191
664.9228942592913
806.6910450488322
718.5401085407509
254.13512754686684
244.500686300964
726.2689275277803
90.40665875969222
314.7749710134291
790.9640008621346
586.5719287102252
234.30244960060998
782.9966828466441
577.3536324206433
764.1130794235223
314.75441224803393
644.7593359974904
317.006183370981
502.14310142433595
790.7119094539913
82.70389731210682
393.7016770838634
871.6498688123787
948.6403542288373
104.09769498764088
704.2242114942242
179.15236814459345
719.4499414715294
264.22368276471974
953.3421066904034
764.9788567510619
834.647684250401
943.1162073027207
670.3059012856976
673.7670787917843
622.4319257459127
574.1181799712117
952.1881050825363
249.9259793254768
783.1921240017642
727.6745441174551
366.0272853440688
117.73995043947937
849.7415386000811
338.1189730299056
409.2511831605943
696.803109544069
727.4744812730789
592.2205333626514
285.16206070739514
610.8282141408259
417.836481215612
698.7605822683935
284.9426505078351
579.2901995962224
175.74706668884298
562.9339539797878
428.6258471474645
759.9282563359307
347.0676275310679
122.85184630148227
798.7399061372575
640.3754919308077
745.9209205055836
171.6101808496223
580.2966119826972
92.95423903884237
166.11613508330336
333.6526722883406
575.6198558021908
388.7008102094648
689.0152425555104
549.210689764821
490.92751001824377
479.2205803665728
701.7299460669036
947.2296348924856
650.2259165238023
718.0108025255686
182.2421889326875
82.74151288593534
719.8520932462732
15.107846453301432
917.3849230076577
112.47403533909639
543.745337221664
672.5627534806159
12.583841233617555
583.7663515748555
47.91614581443271
201.32309610684885
66.16227387557561
821.1090462774982
623.0482834991844
997.1442219202779
700.6291406123971
19.21222727710903
52.0497286078393
225.00061850990272
613.3216218408236
991.3171092231254
523.9513375909937
14.37146249151744
145.32495771682508
419.6628985027899
780.6388651973101
790.4564535165503
966.9181988230064
134.28420113501005
127.96879794845073
242.53794147369712
814.8012242345513
203.31712006739278
86.48659318829831
428.3335259432384
242.7884875706573
387.151332548738
8.56533012730132
45.03927445012634
908.8490881659447
983.3970179479445
832.6764476120657
261.8094807431216
64.72838689307048
596.2048513542276
892.3964846738811
214.75919982223292
578.5343987010652
485.35831025989364
993.6466287475535
693.6139885282588
318.27903686609284
696.4885670474664
75.85189617772181
857.5774177014405
541.2624389778788
727.1004812566474
120.0681274990647
372.24036137333314
308.0948928854872
66.0611567644983
576.5486045621386
807.2472867074616
490.8252120322839
981.8490864263628
448.20467725214263
671.5632923903314
691.5555598395192
630.1114539927879
819.4052982359328
821.19792811272
593.9615593528548
581.5813941445588
362.373884633182
55.610401884279014
841.7020002683124
176.17141090564024
973.3956621065176
696.7682281378828
440.42474778564275
58.99468847832845
471.3183582895937
272.25643724782265
63.87169025428274
481.79236976435624
324.4887635888847
576.0748028953458
274.0486378030997
186.9666406754985
62.22487822987832
983.3278565059337
746.1926034010555
780.8756454243234
431.3423240859633
193.75685481272797
356.93137791522435
663.1331770793666
122.38279404057938
813.9293615600465
885.146454413458
591.509307413705
875.1352993508008
542.9104242744709
293.81014601748734
332.09146294579307
27.56296939178593
641.414864932499
996.2114867803197
21.725391456552167
237.19240768360618
414.9794455389055
699.2336121932257
813.861199359719
931.1123913860441
147.7239585903328
315.76416297095756
956.2456790102449
773.7776735987404
701.1102649507009
437.2317491118639
159.59458497639923
422.31010028239535
471.93136333671623
504.1144727155861
911.246582408868
722.4299054220795
401.62637339655726
596.1342052970444
234.65225208167905
425.1200181454104
952.5758689780297
474.5687540959075
764.9513357025646
856.5446253865081
479.33234222150026
15.311401880068743
755.6493197105647
231.15576778074632
679.9586900741912
306.9089586370605
461.2690399889887
98.02954828781519
0.032686533101178306
183.88664863518557
276.9061371503103
974.3034405255632
49.57676851955184
849.1969903810658
77.92398527818578
880.624389050655
235.6876225231006
856.1398434834956
271.7095742704101
388.00378521647184
930.5764643403595
662.5620304058136
439.4981759684835
792.6972729800021
529.9338765346653
45.53694911281359
239.33041553550183
882.9486684042283
69.05980301064841
167.44299805042596
407.5135770258189
975.9006453931167
374.21724030804813
441.305980304762
586.7618621348673
664.6270590048703
481.76989776206335
921.8394466319958
558.5183018727791
191.33634150116885
401.47924684398896
387.40087866418384
995.7460419554492
390.39223932704124
511.18063988414286
78.2875591487483
623.0663637101866
10.281367993268065
566.274913175056
886.0489466205624
946.3536187580811
415.7859930110681
924.6558154320574
813.0013910916754
343.5399793355879
496.3759160399912
573.5188952408457
237.71408879550572
830.0910335739609
670.0504271785218
299.19469109875973
626.8923031208953
425.6055044740673
240.13541654412117
730.5833267743402
887.6885893855712
395.65859984128025
104.94948217896194
842.0681871604382
237.25442822806065
598.6462166686632
112.9178066545069
5.297188995614266
77.15534019171977
358.53404627205146
595.6127459429322
72.1450200249496
391.00052174323076
343.8763872116026
26.224068061037165
454.1747384597692
533.9110783251616
816.764583760615
563.813635545461
50.092457389244174
668.6611478752296
810.2595276243158
530.9531246431591
151.77961855227375
439.52426254446453
188.8532093058135
738.6832544799765
18.49332908150092
361.5073847320662
188.27142740404767
34.28059233566805
62.79900860975096
571.0495896265588
447.04043223098176
126.21906100964398
103.15071084845984
639.4343746024193
398.04547815392965
579.6127941914398
493.866560485116
521.0478996869791
13.718284288942062
146.3320681182053
895.2278545748604
681.8704821326726
576.1305204236772
855.8585387891522
286.51216541315904
665.4889451514746
450.2024171713018
34.581959332120164
965.5795999638065
