50 100
30.915369683712612
47.40840793434027
34.40363896013846
13.479995430412718
3.069905016989183
60.64053385425206
93.02964340901215
12.868824900982966
72.06889600900084
51.84449084136643
90.6817270262208
18.714298812242415
75.06760752583332
74.03474216077977
40.45046822191867
22.457967220492147
85.53397296576023
83.97563501076496
68.29019404426779
92.04851139740961
59.507278098061875
46.83235170751453
88.72196432360622
52.546793492126966
14.388630039118889
41.785826057706984
31.665270189052997
68.3021933820009
34.22236970080221
74.71550074991818
93.75046752509905
67.15017981087269
89.33093016143337
44.08537365019054
21.780399088651382
45.50400058178576
98.51674064443033
74.33984902853197
17.21572999035743
24.961702666572695
99.27423735419487
29.95393655560006
12.226921518669375
76.96322574461874
92.5560695161465
50.88626967187854
72.83340875683263
2.0252979450906206
99.57941768411538
34.994416813877415
94.69605635308896
14.881977228249676
39.06217537559944
99.59832278981942
11.477678093831134
35.06384607373254
1.5314574396584568
41.39114916151551
3.218913205606966
81.02672165604193
78.12119416998611
13.274349023878374
50.35047286494157
68.2310223101694
82.05088803271134
20.302098187727637
90.21551537151849
71.84139507386256
74.6016775918699
94.48031741466963
74.59915589105532
89.44149379721573
53.0514578833572
77.159463985784
2.002300117983191
32.031134671164885
59.14441537079899
89.34810316692014
76.06633191141444
93.05427389493869
59.81065151278834
71.3571563452753
65.35850657751318
5.086394280035145
3.8511848795702908
64.8610469526451
74.17628533166929
13.620933941830549
38.816538180817304
51.60092574511067
56.5276359847836
25.392438091335613
33.76522927287272
74.01197343827451
89.88991148471919
42.99208170311749
75.7242838986239
46.24122185829845
83.12792871020972
77.33049359099347
0.3886372011877248
