Using Heap Sort:
The Sorted order for the array:
0.032686533101178306
2.7975137584674847
3.8965032302789027
4.447561728425087
5.297188995614266
5.750793471074989
8.56533012730132
8.99048344950204
9.29947482341209
10.281367993268065
12.583841233617555
13.520584193695617
13.718284288942062
14.37146249151744
15.107846453301432
15.23543565676544
15.311401880068743
18.49332908150092
19.21222727710903
19.317533710038305
21.60494640381694
21.725391456552167
26.224068061037165
27.56296939178593
29.289163306051247
31.617924493274053
31.680160758312702
31.736818012910618
32.13379286065488
33.73096390163744
34.28059233566805
34.581959332120164
36.87741588297633
37.57701043802142
38.24116955714641
39.13629352523118
39.25952565267532
40.419214070636535
42.35518485524903
44.55237657437516
45.03927445012634
45.53694911281359
47.91614581443271
49.159003108403596
49.54881296465441
49.57676851955184
49.948423118293505
50.092457389244174
51.003053257795415
52.0497286078393
52.552250095930454
53.36377212809573
54.16846544795184
55.610401884279014
57.39682766321885
58.99468847832845
62.22487822987832
62.79900860975096
63.543648001373356
63.87169025428274
64.72838689307048
65.0631637196979
65.09279810373403
66.0611567644983
66.16227387557561
69.05980301064841
69.06153364047107
70.09260748024704
72.1450200249496
73.40483464915681
74.875503073639
75.08218403818346
75.458786750211
75.85189617772181
75.98728365716245
77.15534019171977
77.92398527818578
78.2875591487483
78.91100563861497
80.44528782531447
80.68104610296433
81.58953648318368
82.49951322719873
82.70389731210682
82.74151288593534
84.68972172762379
85.56816869188843
86.3582656830082
86.48659318829831
87.67483481582138
89.93022160340358
90.40665875969222
91.68411947029198
92.14080059778296
92.37405844088376
92.95423903884237
93.26610628636412
93.78577350611394
96.41588694880487
96.79011619057054
97.73816976821226
98.02954828781519
100.58972060641314
101.32721971368707
101.45352804570874
101.56630169547486
101.63505465598787
103.15071084845984
104.09769498764088
104.7061293907523
104.94948217896194
107.72085537391085
108.22260092686575
110.11042570249919
112.11447717024903
112.41879693248124
112.47403533909639
112.9178066545069
113.26988676676386
117.73995043947937
119.44816151864335
119.70191891388171
119.98020005177135
120.0681274990647
122.23642999306495
122.38279404057938
122.85184630148227
124.75990553290195
126.21906100964398
126.52919774090432
127.96879794845073
128.17081305869115
128.38922767991423
130.94204552395595
134.28420113501005
135.15488626422967
135.734391717665
136.6069990551353
137.83632802180057
137.9251485097043
138.50380003880124
140.21888733032785
140.86638824104625
145.08525280859052
145.29499689937876
145.32495771682508
145.9704266170404
146.3320681182053
147.7239585903328
149.30761934184545
151.09470422278827
151.15170350678608
151.77961855227375
153.2604098645677
154.82040943350117
155.58841170235593
159.1613149488236
159.59458497639923
161.2527291577146
164.8344194456034
166.11613508330336
166.65887504477615
167.44160716834554
167.44299805042596
168.57566572871562
171.4462802212452
171.6101808496223
173.9790689619084
174.74218206682445
175.74706668884298
176.17141090564024
178.64283957889504
179.15236814459345
179.9481325778738
182.2421889326875
183.49020661640714
183.88664863518557
184.07263200277168
184.6574616350164
186.35137933241685
186.9666406754985
187.05832133683953
188.27142740404767
188.8532093058135
189.65455480585157
191.33634150116885
192.33243193480143
192.46777753124155
193.75685481272797
194.97084988356372
199.9744851327393
200.4101178666684
201.1525519106867
201.17127682705592
201.32309610684885
201.32785579418135
203.31712006739278
209.17828557904085
209.80857946052888
210.0163209762026
211.01170845950278
211.0441431058575
214.75919982223292
216.05315102719513
218.8082820986008
219.5650051497714
219.82610160882422
220.84541652331458
222.09860103624723
222.1493120531528
222.57580195192517
224.47105170536275
225.00061850990272
226.22055788991668
229.16017976670432
231.15576778074632
231.93215587861738
233.2530176306178
234.30244960060998
234.65225208167905
235.6876225231006
237.13530450634357
237.19240768360618
237.25442822806065
237.26406087087483
237.3239196015463
237.71408879550572
239.33041553550183
239.33460052958543
240.13541654412117
242.53794147369712
242.7884875706573
244.500686300964
245.20073113485518
245.3994857619628
246.64158992305042
249.73804566172254
249.9259793254768
249.9417495063826
250.12631783303053
251.2130937695226
252.0769467958507
252.4170259469277
254.13512754686684
255.12012352304026
256.74721072252225
258.5956370339487
260.4931005127893
261.8094807431216
261.97986894839033
264.22368276471974
264.56479424051224
266.96916071835886
267.161128273712
269.3416059876135
269.45696794836596
269.5305779513718
271.46069700609155
271.7095742704101
272.25643724782265
272.82715880151767
274.0486378030997
274.85268391195797
276.9061371503103
277.1416807255794
277.4681438078002
282.7143145986745
284.9426505078351
284.94434953510904
285.11973682446865
285.16206070739514
285.936034987894
286.51216541315904
286.92845919999087
287.6491376954462
288.5439209817883
290.5803392206556
292.0580986767849
293.81014601748734
294.7398660594645
295.1147638510062
295.2671035169626
295.9817961588079
298.53905106161784
299.19469109875973
301.5015248859271
306.9089586370605
308.0948928854872
309.9803695546829
311.3877784071699
313.6294949042836
314.75441224803393
314.7749710134291
315.76416297095756
316.6690356467973
317.006183370981
317.49794008240605
318.27903686609284
323.6698267283044
324.34765608169727
324.4887635888847
325.2396071598441
325.374210370229
325.66895968870267
326.0320042545155
326.1723212407115
329.65771641656715
329.8865840754085
330.3313575811084
330.596454251756
330.6079445376431
332.09146294579307
332.24780643043016
333.08597949096753
333.6526722883406
334.6950446205612
336.7477799788635
337.61879132552144
338.1189730299056
338.5351455286547
338.85019625663284
341.60360296583025
341.9106539972732
343.5399793355879
343.8763872116026
344.1735517035326
344.9717688508973
347.0676275310679
348.0276214277016
350.28791020353225
351.1750933730855
351.9113297154736
353.34118980973386
353.9021486825467
354.205602152859
354.5119722335662
355.0305793081099
355.44287429954704
356.72599044296805
356.93137791522435
358.53404627205146
359.38087389421145
360.6660294182955
361.28756052138056
361.5073847320662
362.373884633182
362.7387543168673
362.7874183665394
364.2317323551232
364.24796779954283
364.5006620484937
364.85044219852114
366.0272853440688
368.691076067864
369.2097477248061
369.43456025938514
372.24036137333314
373.11556293548887
373.21407632326384
374.21724030804813
374.5692222932242
375.12714990810326
375.32333389092696
375.56224616708676
376.6221814928801
376.9320007135134
379.4335194230205
379.6689898075343
380.4324853893104
384.20178294650884
387.151332548738
387.40087866418384
388.00378521647184
388.7008102094648
390.39223932704124
390.40079773608846
391.00052174323076
393.7016770838634
395.03061022609677
395.65859984128025
395.7715575993398
396.21759741942066
398.04547815392965
398.77615314480397
401.47924684398896
401.62637339655726
402.4970978057496
402.7462880776327
402.8026275097667
404.62094249978173
405.0273500251566
405.0659864372158
407.5135770258189
408.8606429330604
409.2511831605943
409.7976342415972
411.5506569924286
411.9371082123685
412.4404433219896
414.9794455389055
415.0533019395783
415.7859930110681
415.88652938213465
416.8757581685636
417.836481215612
418.5259838204275
419.6628985027899
419.78551894155726
419.8276964361618
421.216349359323
422.0268682030032
422.31010028239535
422.92181766455394
423.5849537658254
424.8215215405452
424.91574287645795
425.1200181454104
425.6055044740673
428.3335259432384
428.6258471474645
431.3423240859633
431.4029916739851
432.4636767163698
436.6410309554413
437.2317491118639
437.630853822892
438.25145477268734
439.4981759684835
439.52426254446453
440.42474778564275
440.62538547127593
441.305980304762
443.41017142867344
445.71623801053573
446.3661488513919
446.76000403551916
447.04043223098176
447.4437835209568
448.20467725214263
448.35864278772743
450.2024171713018
450.33993425446204
451.1724889663894
453.3366133803599
453.39507850095464
453.6872980292481
454.1747384597692
456.232509063346
456.39532757365276
458.080414463229
461.2690399889887
461.5962488813159
462.2576571823361
464.619329094096
465.89947639504345
466.17424805349947
470.31901981148474
470.7151108675781
470.83453102830055
471.3183582895937
471.93136333671623
472.16804049138307
473.57933347354765
473.7019750684972
474.5687540959075
474.6069792539127
479.2205803665728
479.33234222150026
479.65640236596465
481.0129187218457
481.11538192846723
481.76989776206335
481.79236976435624
482.669499908235
483.0140132701943
483.4056879460794
485.35831025989364
485.64711097305513
485.99316932225753
486.0357292722541
489.98027494153473
490.8252120322839
490.92751001824377
491.776164569358
492.0315665494258
492.0439991459913
493.866560485116
494.0812598501554
496.3759160399912
496.4812475799209
498.6060704087132
498.75691204384395
498.88073839600366
502.14310142433595
503.17966314797445
503.7546523143911
504.1144727155861
506.3846345494529
507.6992668635311
509.7196670518293
510.8079560017427
511.18063988414286
511.3428162235304
511.78442482127286
512.6408556033604
514.9900561873542
518.1849710022037
521.0478996869791
523.0814207373431
523.9513375909937
523.9869601635738
527.2053075863984
529.9298146247128
529.9338765346653
530.9531246431591
531.6875989354974
533.9110783251616
534.4051082693545
534.4616855071849
536.0510762633712
537.3253436562701
538.8150530515685
541.2624389778788
542.8209437439721
542.9104242744709
543.745337221664
544.0958922254005
545.6232241900857
546.7424897635137
549.210689764821
549.3448829424748
549.6227804479875
550.3814235080248
550.4176219509119
553.3562047655306
554.5409951678665
558.5183018727791
559.7076369340679
561.0211278157359
561.9250566930604
562.9339539797878
563.3559219290989
563.813635545461
564.1745359520987
566.274913175056
566.5593260033576
570.4525729943701
571.0495896265588
572.2844981169281
573.5188952408457
574.1181799712117
574.6889352156571
575.6198558021908
576.0748028953458
576.1305204236772
576.5486045621386
576.7070570290862
577.0896642993966
577.3536324206433
578.5343987010652
579.2901995962224
579.6127941914398
580.1434674676453
580.2966119826972
581.5813941445588
583.7663515748555
584.7322564133971
586.5719287102252
586.7618621348673
587.5703144717975
588.0423717440725
590.6576673804295
590.6879376251528
591.509307413705
592.2205333626514
592.8574385961741
593.8237583477302
593.9615593528548
595.4494148303437
595.6127459429322
596.1342052970444
596.2048513542276
598.6462166686632
598.7797400892538
599.626896529208
599.7392350664578
600.5893372944735
603.4418858746681
604.1908280559306
607.9266240478986
608.398688673996
609.6456891701512
609.7659753794405
610.0528418155634
610.1306503568048
610.8282141408259
610.8868843587742
612.3207933952117
613.3216218408236
614.5724803341951
616.3479593385737
616.6463402873462
617.6330668422627
618.4230150795001
618.7143017687033
619.8611418501717
620.7310122522529
620.9396509562021
621.0408329127134
621.1625520995836
621.6820534139347
622.3481498177916
622.4319257459127
623.0482834991844
623.0663637101866
623.8589809242033
624.2838024786905
626.8923031208953
627.542137534398
630.1114539927879
630.6042545344416
632.3889594193596
632.9986574072205
634.3115775707407
635.2576667174723
636.3308949914999
638.3859398116201
638.3861619982539
638.9176539811565
639.0286609443655
639.4343746024193
640.3754919308077
641.414864932499
642.1431422880405
644.7593359974904
646.7690476062319
650.2259165238023
651.278596857759
655.2921743024557
657.7804962920081
658.6091201848039
659.2913497822396
659.5602528519096
661.587249486396
662.2256147292304
662.5620304058136
663.1331770793666
664.2842228549592
664.6270590048703
664.9228942592913
665.4889451514746
665.6000676920228
667.0266703586354
667.2122905319857
668.6611478752296
670.0504271785218
670.3059012856976
671.3015668983965
671.5632923903314
671.7400555284761
672.4480250624669
672.5627534806159
673.7670787917843
676.7263201732848
677.4716537445646
678.1961950958132
679.1729896588296
679.9586900741912
680.6529096958524
681.8704821326726
682.9456034886615
683.6620197171826
686.4292215094665
686.9359749011429
687.0198016062766
687.63625987094
687.655850481398
689.0152425555104
689.6813110959986
689.808446122339
690.2453429464204
691.5555598395192
692.0254981966287
693.6139885282588
693.6910043958258
694.3303691005484
694.5909690406892
696.4885670474664
696.7682281378828
696.803109544069
697.4252490323777
698.7605822683935
699.2336121932257
700.5163820464978
700.6291406123971
701.1102649507009
701.4529065790382
701.7299460669036
704.2242114942242
704.8715647453328
705.1478435843663
708.4505251551508
710.663665466893
714.2132262074208
714.5054372300029
714.7719746794443
718.0108025255686
718.1264204454191
718.5401085407509
718.9427138763438
719.0332842569085
719.4499414715294
719.8117715358052
719.8520932462732
722.4299054220795
723.8524118354811
724.0552838517323
725.0149312868617
725.5798082104407
726.2689275277803
726.2910358581875
727.1004812566474
727.4744812730789
727.6745441174551
728.4531963098133
730.5833267743402
730.6289802463727
731.5681502039116
732.5951754322008
734.5063126505277
734.734567535585
737.1024461380398
738.6832544799765
738.7799566569166
738.840195544184
739.8701231994546
739.9302302684129
740.737901266427
741.1150268652966
741.318812990568
741.8575184275949
741.9032665414085
743.2332684445419
743.4508620526833
745.1238518145627
745.4762674025119
745.9209205055836
746.1926034010555
751.0406280745708
751.8533100776054
752.5518553250516
753.2851085358174
755.6493197105647
757.4850712413842
759.364359214246
759.9282563359307
760.3024249667511
760.3219840764168
761.5831120495018
761.8368896609798
763.3640889448366
764.1130794235223
764.2454512952768
764.8075912807551
764.9513357025646
764.9788567510619
766.4898992621166
766.8662334522503
769.1180441583736
773.7776735987404
776.7526330942324
777.1929090008823
778.5566701914394
779.3792983932769
780.6388651973101
780.832393736328
780.8756454243234
781.0564738310577
781.7777581481832
782.8384922897087
782.9966828466441
783.1921240017642
786.3212768079329
787.150762632552
787.2690749657937
789.1044008146805
790.3733769080608
790.4564535165503
790.7119094539913
790.9640008621346
791.3660524824363
791.4855714463564
792.2712325079785
792.6354744118873
792.6972729800021
798.2646247681578
798.7399061372575
800.5679502956591
803.0232358050929
804.2577170048272
806.6910450488322
807.2472867074616
809.551858806942
810.2595276243158
811.3838638990026
811.8584966825711
813.0013910916754
813.861199359719
813.9293615600465
814.6347680641142
814.8012242345513
816.1747423139055
816.3763811934281
816.6524015478279
816.764583760615
816.7737938025617
819.2989528582328
819.4052982359328
820.3699894037854
821.1090462774982
821.19792811272
821.9687945723125
823.4997378177541
823.8160282077627
825.6469628291119
827.1825275115519
828.7711600758904
830.0910335739609
832.6764476120657
833.8491546297879
834.1069447275845
834.4108453949386
834.647684250401
835.3170091676533
835.9052570309403
838.0371432217781
840.6813611857588
841.7020002683124
841.9795756508868
842.0681871604382
842.3176142636347
842.899191829944
843.6879293511546
843.9129194022826
844.3028228027139
844.7937296637792
846.3838575773434
848.995137158914
849.1969903810658
849.5844897363796
849.7415386000811
849.8406922553546
852.9138858003836
855.7836291635658
855.8585387891522
856.1398434834956
856.5446253865081
857.5774177014405
858.0464668124313
858.4671542376275
860.7951151614811
862.8589656965971
862.8780007768474
864.6682515216646
865.0562181148719
866.1342207600053
867.0837482963822
868.1347760981996
870.2296579982236
870.8761496950228
871.6498688123787
871.7035819908034
873.0912270116086
873.4976628748163
874.6184441658016
875.1352993508008
876.0238213791949
877.8687998061583
880.624389050655
881.3825025430558
881.4918232482116
882.8218187175827
882.9486684042283
884.1005286675988
885.146454413458
885.3925633678673
886.0489466205624
886.5251589338309
887.5031957217884
887.6885893855712
889.1654327157596
889.4036979806536
890.9598344948415
890.9890695210693
892.3964846738811
892.4529769760037
895.2278545748604
895.4490319816362
896.7149953923457
896.872381422751
897.3232675536087
897.3996974249524
905.0804868051157
905.3390732175055
906.0497337606796
907.6788652588277
908.7460682904431
908.8490881659447
909.6133751405954
911.246582408868
911.2796737348274
911.5322264265546
912.1942419911304
912.9300801621341
913.4739214725687
914.2333694968364
914.8700998539384
916.2830352205677
916.6813467156403
917.3849230076577
917.5460006535463
920.3273733373699
921.262606193651
921.8394466319958
922.0157765767766
922.3682362889167
924.6558154320574
924.864593881133
924.9753329138582
925.4918923645697
928.4329422118582
928.6683752797837
929.4307964115253
930.5764643403595
931.1123913860441
931.8381160660532
933.6074310463068
934.5759823628323
936.33897407147
939.3296001043227
943.1162073027207
943.8055341708301
946.3536187580811
947.2296348924856
948.6403542288373
949.7360852447171
951.3680999383403
952.1881050825363
952.5758689780297
952.7571431638138
953.1357329886849
953.3421066904034
954.2777568206207
954.5382521930005
954.5397252923203
955.1494196287889
955.1726426589308
955.3541533868483
956.2456790102449
957.6207714132307
957.8119488935076
960.1354793463152
961.5294454439183
965.5795999638065
966.6502099398508
966.9181988230064
967.0873290131265
970.3836641907488
970.6637830908759
972.1807495920207
973.282063112926
973.3956621065176
974.1622162090274
974.3034405255632
975.9006453931167
976.2279828912863
976.4875093001904
977.0212697882406
977.8002746048273
979.5503380302504
981.0882918473079
981.3605384408542
981.8490864263628
982.6480161291666
983.3278565059337
983.3970179479445
984.0828713550708
987.4244663778804
987.7442191862643
989.9114491942834
990.1223676103405
990.3762582180515
991.2383142267823
991.3171092231254
991.931025345927
993.6466287475535
994.6751538082729
995.7460419554492
995.9038566865877
996.2114867803197
997.1442219202779
